11 820 49 762 32 785 483 707 502 395 532 49
12 940 753 58 870 972 459 972 541 153 196 203 605
13 826 660 4 948 699 829 941 611 826 212 988 465 345
12 93 333 596 624 556 770 659 988 348 29 596 351
16 451 729 972 889 65 516 686 861 97 634 881 735 788 878 861 333
29 172 380 631 432 114 743 126 227 799 80 669 220 587 805 834 349 526 834 349 535 827 908 747 273 242 91 276 980 308
10 839 384 788 482 322 482 3 248 510 33
39 94 707 732 177 684 235 418 22 948 654 641 56 56 352 90 467 102 539 715 847 350 406 403 707 920 68 930 921 790 153 319 43 752 909 222 500 510 84 82
44 947 451 189 317 834 95 808 848 878 691 627 571 248 927 717 687 526 693 868 11 833 145 96 83 838 81 449 364 748 748 693 419 689 39 25 985 215 943 315 957 633 573 367 471
40 265 877 249 622 313 15 635 321 621 487 838 784 77 29 66 61 176 411 61 102 527 436 17 289 362 882 30 428 241 519 531 260 374 99 65 591 726 381 451 632
30 166 303 184 678 429 645 967 610 78 437 783 275 9 392 837 702 460 698 78 799 942 245 540 485 119 230 112 37 952 769
51 58 752 539 651 434 302 407 58 377 660 484 602 162 995 594 988 490 53 329 950 655 139 59 32 473 620 455 880 584 383 715 188 843 14 697 903 223 857 884 33 272 669 372 674 363 796 719 248 986 342 523
42 995 471 449 959 654 567 841 581 621 56 194 44 59 986 975 23 482 627 841 766 648 911 123 259 242 486 266 364 892 359 559 973 574 628 957 388 809 31 790 408 875 574
59 473 851 76 822 536 969 954 463 798 479 781 253 466 70 222 574 557 95 870 591 451 135 1000 41 629 531 195 897 610 953 586 309 101 940 342 186 273 286 717 423 899 350 461 512 646 296 132 615 916 385 453 7 610 648 227 466 498 536 322
13 763 763 658 400 934 517 166 936 148 30 405 408 929
19 513 932 999 385 462 106 640 433 19 932 64 4 804 501 26 462 672 443 511
72 972 509 416 716 426 771 529 47 261 985 918 638 16 864 856 53 49 535 302 653 953 330 598 80 124 67 733 756 182 773 464 477 797 174 947 570 321 615 544 696 576 534 613 60 600 945 384 928 269 901 296 770 601 644 469 581 968 233 916 347 534 936 519 870 625 479 447 418 509 9 226 105
38 956 886 350 329 584 470 766 625 796 902 565 689 328 592 675 360 207 207 407 600 195 524 997 669 597 58 879 685 58 307 85 742 731 888 884 130 483 289
57 837 368 700 665 554 606 340 897 110 40 669 718 872 320 270 963 775 27 131 493 986 9 585 730 561 519 990 507 517 709 538 754 315 153 437 154 533 69 46 121 857 440 844 1000 260 155 986 313 303 653 379 384 363 838 709 624 191
25 303 475 680 6 717 489 454 686 291 261 869 245 971 132 242 571 885 623 245 793 541 134 663 792 96
49 953 232 941 340 752 443 443 612 120 86 776 115 230 893 657 839 927 167 921 727 884 685 703 319 826 25 388 392 345 101 227 934 383 643 873 180 910 244 461 404 471 532 996 815 951 182 843 953 844
58 444 469 420 629 681 452 387 998 567 641 464 873 98 415 820 988 656 285 344 322 647 745 605 644 92 701 86 75 549 178 376 727 95 383 513 967 292 687 451 602 707 343 409 146 864 119 489 955 839 556 343 701 303 365 872 448 449 282
29 76 68 624 618 85 249 867 337 474 303 768 386 727 944 275 56 912 553 478 244 638 589 294 121 446 645 121 325 153
62 314 132 833 529 218 369 820 429 883 920 349 161 656 6 405 229 557 163 429 218 212 976 915 24 273 252 582 833 243 663 984 739 300 491 511 588 588 433 764 638 235 23 666 368 174 939 635 266 154 285 623 48 443 515 769 720 528 368 655 898 676 887
47 59 876 918 872 624 106 130 599 278 372 325 822 100 321 586 157 629 521 149 851 535 493 918 987 57 829 813 286 415 102 62 958 505 232 993 664 373 287 777 449 369 618 731 469 199 19 916
37 120 648 118 141 396 43 292 53 545 625 473 565 84 19 390 795 498 792 29 357 673 327 141 88 521 366 580 984 378 283 717 47 474 866 489 181 593
32 467 263 748 547 318 673 613 118 844 323 595 830 777 837 946 572 978 448 409 898 170 52 692 595 958 238 230 325 440 523 974 198
96 6 555 317 75 212 909 999 477 110 770 238 803 675 652 680 566 942 68 898 155 469 679 267 158 402 418 555 493 397 440 144 634 320 231 836 254 728 287 863 956 923 102 880 941 557 63 40 295 612 971 12 357 109 96 107 327 217 3 594 705 192 281 670 468 55 591 450 595 639 434 414 91 825 60 360 270 683 20 967 975 988 409 494 258 929 358 909 396 639 752 540 907 405 884 356 521
103 501 147 775 919 521 684 98 916 199 256 452 461 209 2 953 488 787 105 582 633 199 921 923 742 98 230 889 858 460 343 351 42 782 561 71 778 81 796 184 184 869 938 545 502 653 916 86 876 584 239 384 313 744 808 100 114 438 406 626 228 880 552 490 614 31 313 710 97 402 859 753 731 529 755 322 912 859 373 981 510 330 935 842 586 623 588 458 67 552 156 943 371 531 321 334 152 36 623 928 55 288 865 982
26 462 630 744 270 669 353 577 192 564 6 192 591 809 114 491 778 835 96 644 563 858 970 90 353 486 344
113 194 501 884 424 452 464 122 674 97 847 663 703 317 258 760 520 907 909 966 172 347 163 625 538 866 291 364 725 539 845 232 856 867 874 643 836 976 519 813 862 882 542 623 851 970 352 845 864 314 736 835 790 112 719 552 67 401 459 329 358 310 609 463 447 909 400 494 628 970 58 519 625 659 23 497 367 109 999 727 963 260 34 482 442 3 226 954 632 515 627 765 88 940 1000 847 204 577 744 394 798 626 488 203 154 263 947 991 828 233 274 572 920 563
19 982 25 489 892 215 832 836 177 999 96 129 305 716 977 319 21 360 892 944
109 935 770 882 597 559 991 566 699 58 394 165 534 475 554 381 65 32 123 901 82 12 869 576 111 654 655 665 780 36 953 331 159 829 602 598 77 290 490 270 852 189 120 413 190 706 662 967 965 703 519 823 786 700 945 873 213 681 555 713 91 283 886 467 84 126 810 826 959 499 408 862 360 138 751 365 831 432 99 664 287 615 932 948 115 269 449 733 774 914 698 1000 249 579 269 421 509 843 724 970 249 121 953 540 978 702 785 855 197 251
46 826 767 488 475 155 87 464 637 596 846 885 850 38 425 767 355 294 654 472 333 551 681 112 808 455 756 54 664 810 775 205 538 131 2 991 23 519 652 438 373 639 455 236 748 344 144
100 700 227 990 296 856 264 967 215 936 416 899 318 264 6 401 524 746 660 937 535 944 460 314 469 555 105 470 978 701 403 174 779 411 615 911 58 317 138 210 807 341 641 940 30 347 913 100 484 196 227 190 376 45 308 472 241 992 281 670 661 82 834 513 615 23 899 82 59 431 758 79 997 107 31 618 320 742 863 436 683 585 3 730 174 142 471 991 589 553 355 146 820 194 926 690 505 13 783 968 572
69 159 106 894 190 229 265 968 655 11 156 67 502 678 786 761 555 83 113 831 457 850 126 103 375 317 928 532 416 812 883 882 759 273 367 319 666 777 331 519 888 88 6 539 331 474 311 843 173 884 234 228 181 806 771 698 90 831 985 802 626 513 461 780 298 866 54 40 927 362
127 998 184 318 987 330 650 897 594 225 980 213 629 782 361 684 583 256 564 310 282 327 860 616 934 369 755 233 134 461 175 661 968 613 60 716 666 152 248 372 488 91 684 52 865 852 671 24 421 792 582 564 800 503 563 388 881 162 445 188 349 420 630 54 306 373 923 221 325 638 19 324 409 827 445 807 665 481 360 691 426 929 408 888 880 304 394 376 633 866 611 98 968 114 329 110 414 50 823 165 56 355 854 756 656 324 170 423 861 727 253 365 623 436 511 372 661 672 53 986 771 396 851 323 530 612 266 756
17 918 476 890 947 135 634 636 278 167 498 33 643 894 445 366 190 476
27 594 30 555 264 263 4 745 291 299 885 289 260 913 246 332 53 380 648 944 239 687 62 883 555 264 346 208
111 232 900 314 5 515 752 236 513 993 515 608 100 635 774 259 369 451 58 67 111 79 618 421 469 339 103 719 14 328 505 762 471 428 604 487 143 503 939 534 822 160 774 322 736 148 499 609 47 800 480 595 726 56 646 785 297 706 783 806 775 339 98 980 213 691 331 675 242 216 877 595 322 155 918 485 601 433 91 822 564 249 620 204 146 553 303 551 28 243 532 676 875 745 478 1 191 231 188 635 893 714 189 548 836 304 555 678 763 73 609 975
36 307 881 995 539 546 882 406 721 71 143 636 692 265 601 798 270 14 13 13 419 874 765 511 765 64 733 488 898 355 479 808 227 638 412 561 698
137 374 27 500 566 949 850 975 444 254 188 390 627 258 333 566 583 389 160 332 434 671 87 258 456 290 311 961 428 757 72 719 194 613 184 568 196 814 846 485 679 477 805 450 429 881 164 772 599 526 94 397 406 231 366 616 296 479 759 561 589 801 402 382 466 25 583 350 748 833 608 228 910 393 953 242 21 176 507 42 352 462 526 982 624 733 793 940 17 679 550 199 573 46 397 81 988 263 538 995 75 822 949 39 144 365 510 601 34 592 49 869 995 419 400 38 496 765 108 321 330 914 266 846 49 315 424 732 315 762 526 702 761 825 283 756 667 555
20 193 763 570 447 101 199 517 909 810 605 549 959 353 813 201 846 141 810 128 912
51 583 543 417 253 649 190 398 863 661 813 871 71 403 76 710 809 796 871 538 734 318 845 281 462 698 178 46 617 383 547 965 139 976 202 919 492 19 802 435 41 368 235 975 41 430 595 599 292 582 614 208
159 703 823 753 898 942 523 999 180 288 934 266 352 35 792 933 485 450 585 470 219 795 268 593 543 71 154 428 545 208 529 16 556 687 683 432 174 319 218 908 902 912 795 124 226 702 786 927 8 211 545 499 730 504 565 409 608 88 687 498 502 805 839 408 448 673 52 12 948 113 174 704 50 736 374 873 927 13 789 852 298 843 200 785 739 881 504 736 107 767 477 54 93 965 354 586 250 82 794 63 797 360 888 951 527 895 417 875 289 671 541 936 964 464 650 7 479 235 176 246 707 244 528 854 252 629 503 452 49 911 833 267 545 417 407 560 457 816 488 789 963 747 133 337 595 823 894 374 757 6 283 211 5 382 140 863 804 728 180 52
103 634 262 885 354 296 198 795 512 79 521 351 987 563 725 742 450 735 535 849 732 523 460 322 424 160 657 137 628 245 529 495 257 894 157 195 971 798 578 66 468 493 460 130 92 300 2 447 219 64 457 652 168 878 444 50 185 228 790 966 528 774 495 916 130 54 757 489 683 378 685 326 215 774 964 400 785 812 690 136 385 62 265 204 586 576 508 570 334 74 598 390 229 811 854 446 365 957 749 78 678 131 282 206
74 829 29 30 373 787 20 59 582 714 240 683 543 923 721 806 425 758 402 18 513 30 417 553 551 587 68 70 481 952 916 990 477 806 731 585 497 264 593 719 346 891 87 764 187 730 602 10 731 45 132 371 752 958 469 982 996 198 9 332 960 589 493 229 393 793 276 237 785 919 85 478 155 334 248
49 670 607 396 598 549 237 269 984 312 236 938 199 864 1 588 653 90 206 626 203 176 549 233 801 417 582 741 852 147 728 805 862 395 636 942 654 911 837 827 289 863 887 738 343 562 943 408 746 327
88 745 231 876 307 16 44 874 663 249 381 459 554 388 125 320 367 983 577 502 569 221 46 757 868 404 30 388 426 683 647 897 260 958 759 589 481 620 43 151 861 773 78 256 732 995 278 785 123 194 165 382 680 310 18 231 929 933 935 739 713 838 209 308 182 16 881 819 756 376 675 563 137 895 307 946 331 948 934 745 296 684 842 245 541 185 761 37 338
100 161 363 986 540 635 369 470 679 561 40 60 682 605 777 905 694 954 427 751 656 151 547 124 22 52 786 619 476 760 684 975 265 222 774 897 899 289 231 947 501 246 811 486 506 812 365 678 910 931 598 359 38 668 509 486 251 394 454 274 208 788 1000 276 420 340 194 757 887 237 798 173 158 271 139 188 311 706 217 376 816 938 558 89 318 161 504 262 729 7 250 148 140 599 46 859 193 879 495 234 282
119 259 854 703 478 43 416 828 607 548 305 60 400 762 652 342 139 777 706 682 533 292 881 248 551 621 967 203 346 525 469 945 816 549 288 537 816 543 713 954 563 454 320 894 387 354 802 369 385 742 647 504 628 783 264 213 226 408 699 834 7 997 928 852 827 310 200 664 734 847 402 292 409 143 524 983 775 746 477 980 950 973 741 783 46 670 432 383 883 900 920 806 439 534 896 173 906 895 484 979 686 169 809 288 89 241 694 756 140 486 674 170 396 685 880 211 613 504 522 802
79 255 795 20 764 19 231 239 203 844 332 342 722 49 625 307 7 737 947 320 683 193 89 936 927 834 183 968 157 169 148 678 747 938 217 382 17 947 152 670 122 486 921 19 504 51 817 659 806 717 817 367 314 734 776 298 922 707 524 635 644 205 425 511 818 651 215 155 667 106 293 169 978 266 87 708 538 898 501 69
116 411 57 924 147 44 116 705 352 232 884 156 75 893 897 447 489 412 775 888 653 311 621 357 878 135 138 440 695 851 296 535 983 548 216 769 255 109 104 966 547 280 200 34 542 72 233 543 437 934 278 315 694 422 384 574 531 221 607 137 83 296 429 477 81 278 899 972 274 227 365 51 339 633 895 641 245 722 431 970 285 413 238 631 322 453 757 699 877 663 597 830 282 757 679 652 695 868 433 704 962 582 370 229 120 715 499 157 341 2 843 846 736 543 517 562 621
29 762 972 649 649 926 140 595 206 160 419 285 988 675 859 528 146 577 472 262 449 561 607 614 693 674 583 35 518 703
49 228 681 852 223 479 796 759 287 166 824 97 116 131 968 491 104 118 492 81 271 283 213 479 618 635 595 269 843 105 619 116 790 860 457 697 953 739 873 633 827 656 683 164 754 868 635 241 743 433
47 593 166 207 868 81 956 127 564 579 90 996 617 650 698 806 794 425 141 262 593 333 908 220 185 990 73 411 948 744 550 949 6 725 525 363 234 703 638 38 338 851 706 24 38 437 833 181
87 243 579 793 357 171 835 704 509 977 278 462 611 763 893 416 777 359 93 449 528 13 310 304 984 749 668 949 325 479 357 339 2 58 479 333 51 363 766 943 943 269 531 835 981 472 577 486 515 500 47 202 792 584 837 828 739 762 525 479 436 436 799 957 576 27 737 822 256 273 618 824 872 579 943 494 768 517 296 902 810 422 304 901 489 124 514 861
196 835 555 205 767 472 37 914 641 250 170 179 805 304 324 15 511 172 889 445 121 381 314 37 586 509 325 788 197 999 97 268 326 615 416 52 947 467 632 92 330 793 848 649 100 145 841 105 455 112 175 189 688 578 688 162 877 224 215 723 985 728 230 915 725 598 694 20 139 569 134 266 170 20 84 404 716 953 47 416 1000 329 245 331 128 129 106 705 123 483 121 701 564 162 29 819 867 984 980 597 387 543 111 912 198 959 635 811 683 766 614 321 699 838 415 834 76 405 186 453 945 399 396 252 26 399 344 592 919 774 783 776 925 537 536 258 80 4 578 426 883 398 42 941 503 352 416 832 537 473 987 938 600 991 80 116 278 662 367 544 42 748 271 872 347 641 290 873 819 245 994 387 878 912 563 335 899 331 866 316 21 31 338 242 461 667 95 670 276 712 54 187 386 710 370 648 992
22 310 178 1000 614 295 302 1000 704 858 559 17 429 81 917 13 459 359 134 334 937 401 510
94 819 1 406 746 476 298 507 119 54 660 113 851 647 393 524 789 371 403 860 143 1 847 954 366 477 991 276 738 666 725 389 513 265 880 467 866 844 580 167 129 251 519 547 507 653 923 684 484 397 626 64 960 890 473 672 646 51 765 51 206 844 991 627 483 161 477 656 62 586 755 821 260 89 867 772 757 744 855 434 338 553 334 602 290 833 685 7 917 289 102 150 206 973 19
123 953 453 665 694 899 797 32 415 539 451 563 376 346 67 704 144 875 15 905 312 855 833 940 679 504 836 569 644 235 818 80 630 520 825 53 681 448 236 447 866 89 353 649 643 134 349 576 673 854 523 598 199 531 372 650 751 592 272 984 693 401 33 289 164 142 17 439 492 952 217 216 873 551 179 285 778 847 215 977 128 652 447 988 186 539 586 225 93 197 440 217 763 150 845 165 966 323 522 781 964 367 462 812 37 8 233 807 2 685 184 206 702 438 215 452 348 481 602 908 618 784 225 82
156 945 196 52 620 385 298 12 501 64 757 203 125 354 425 215 313 871 699 183 656 19 368 954 421 446 448 180 500 566 188 247 226 550 291 460 809 965 550 353 82 364 949 765 295 8 971 344 183 346 257 898 160 625 429 657 131 823 964 618 590 870 670 577 147 758 817 825 139 772 946 743 507 82 517 214 444 62 654 747 152 605 940 468 903 987 599 242 276 799 9 79 509 64 214 469 745 819 187 301 455 767 152 645 530 798 290 59 72 442 719 722 982 610 240 593 946 357 984 672 403 931 491 105 43 859 606 542 161 984 810 413 753 23 976 703 433 290 791 744 493 404 210 762 603 982 394 12 491 607 471 657 507 689 366 630 515
132 910 592 253 419 61 522 201 702 985 543 211 814 33 901 90 527 587 656 447 465 313 240 883 3 445 923 239 505 11 148 319 954 485 53 7 424 572 749 949 443 872 71 951 917 87 760 128 398 749 742 134 814 642 582 527 440 148 634 845 977 303 459 829 691 938 388 50 762 349 668 665 236 427 653 150 973 248 73 515 390 450 175 463 447 417 826 384 745 863 560 145 953 441 649 439 856 533 15 351 53 663 53 877 686 36 212 274 429 558 313 869 206 508 749 670 421 783 31 493 856 556 955 796 433 338 702 679 169 260 428 616 574
142 382 608 353 501 673 1 315 742 258 212 439 851 151 316 806 372 78 631 471 103 476 420 265 626 334 837 382 676 734 877 548 893 852 206 777 655 318 8 252 433 606 230 851 300 554 366 39 41 602 969 102 984 484 812 171 478 879 865 408 70 608 29 601 800 450 472 411 493 97 76 953 578 218 687 727 597 691 74 525 266 973 47 704 200 117 914 721 939 942 255 581 50 113 226 368 163 185 760 679 499 879 300 932 993 861 183 671 153 587 358 197 134 220 422 917 758 574 976 487 436 449 780 320 268 892 211 73 603 351 770 611 515 155 805 80 762 13 499 18 476 393 33
174 476 604 651 924 329 471 227 203 58 133 443 727 122 131 302 285 10 932 162 833 341 99 434 534 818 279 690 593 753 654 700 909 338 957 431 735 279 764 594 401 466 843 301 715 573 980 708 221 586 545 49 834 619 671 888 812 143 922 722 923 585 983 883 800 538 420 557 570 772 778 452 374 994 35 598 66 17 919 367 825 635 778 242 661 650 595 131 626 393 389 944 383 146 915 403 43 548 921 744 827 350 49 561 409 543 829 940 198 382 71 611 654 912 106 600 194 804 999 916 179 727 877 551 485 848 251 423 616 463 318 210 521 487 316 450 389 399 611 691 98 472 16 344 449 890 141 441 59 624 105 776 543 668 615 957 486 614 143 298 142 219 593 59 761 572 932 210 646 424 96 845 324 942 375
212 414 327 788 965 989 473 34 105 20 778 852 690 147 666 433 45 421 937 393 887 416 472 934 304 588 907 456 367 802 162 526 119 938 558 168 647 859 317 779 168 5 137 915 906 971 49 758 833 922 402 433 711 878 899 725 453 920 975 697 901 35 463 514 1000 895 893 419 265 309 574 755 22 348 242 957 413 567 18 705 414 792 573 230 382 332 381 258 587 625 366 742 66 636 482 726 509 709 201 835 936 826 796 901 777 76 836 324 850 59 225 468 322 983 828 188 856 788 487 803 367 670 500 635 874 198 28 678 375 899 951 321 837 598 582 386 875 765 319 245 450 717 642 874 36 255 27 8 419 873 820 344 71 795 143 542 49 572 597 681 607 344 938 561 407 314 40 185 305 626 530 195 660 320 855 465 943 591 345 686 343 834 129 100 4 342 613 592 672 219 855 564 273 885 589 604 137 296 932 934 856 256 353 174 32 763 463 494 412 910 558 159 141
209 405 802 457 346 297 920 204 783 966 287 272 205 559 344 539 531 352 648 172 944 934 62 630 413 272 729 490 184 159 572 682 142 919 561 925 260 413 75 922 861 828 282 424 801 158 833 267 561 752 988 730 601 427 414 932 628 758 352 298 79 309 512 603 766 241 35 587 342 301 204 673 58 704 279 142 583 406 177 316 660 423 420 315 44 438 145 993 783 312 381 215 177 897 331 305 650 571 654 605 480 753 764 123 238 538 140 504 54 58 146 321 98 109 279 248 217 467 659 217 53 210 689 566 115 930 865 838 55 195 177 621 924 389 730 622 489 195 881 586 372 598 113 111 679 684 4 134 518 131 758 663 116 635 268 311 398 202 253 219 319 443 918 238 275 516 240 64 786 382 906 205 717 726 979 660 876 383 100 818 554 489 30 348 860 179 321 458 318 687 807 461 726 139 461 48 865 846 962 900 156 845 656 481 929 443 193 782 436 124
130 816 392 791 663 948 760 540 454 347 636 25 830 174 236 688 511 911 594 627 490 907 684 451 106 777 669 264 409 732 994 300 855 876 845 745 816 861 888 548 315 727 600 195 286 803 306 728 150 155 334 617 960 726 303 335 658 554 784 840 873 16 980 739 414 510 424 903 349 332 484 947 396 258 905 587 377 117 711 38 527 653 921 510 484 370 970 41 47 242 937 927 419 73 945 969 217 622 711 226 289 528 346 862 49 300 908 657 82 524 178 567 702 140 318 383 120 803 236 470 221 617 342 650 132 784 345 457 128 277 661
259 280 578 742 747 42 380 457 606 670 134 740 473 384 104 701 466 623 830 291 321 450 893 370 552 445 313 516 902 186 445 836 656 781 200 127 158 999 505 940 839 868 306 577 806 490 817 173 297 962 581 618 807 647 601 161 68 494 631 675 9 347 869 269 428 247 548 820 263 76 217 887 286 649 97 504 541 66 555 587 642 581 102 654 509 194 499 64 581 167 45 858 571 380 557 943 96 395 582 231 71 876 960 90 124 11 256 243 224 405 752 843 290 694 719 244 404 13 112 46 466 289 531 709 159 666 111 940 603 858 739 964 675 896 918 564 852 28 243 152 765 26 677 487 218 173 732 185 121 785 975 188 93 133 15 821 709 113 260 668 907 853 792 333 144 170 961 363 199 61 493 212 455 738 599 327 553 164 53 456 655 827 528 210 648 557 107 526 937 474 944 126 480 878 629 407 747 795 818 337 805 387 435 71 319 616 404 875 343 611 79 886 571 127 149 45 135 332 139 102 543 460 216 396 375 499 255 890 940 359 104 231 240 91 209 200 995 824 431 236 951 102 362 267 177 752 408 630 478 588 854 830 228 647 799 905 831 681 188 183
71 817 18 92 316 370 766 701 339 317 800 20 745 197 798 356 582 778 411 740 248 557 977 56 429 531 806 83 256 822 945 505 775 233 467 51 958 241 50 82 606 702 56 929 874 800 438 150 7 947 166 529 493 824 197 92 942 599 873 154 750 816 951 125 766 404 753 874 738 955 158 754
63 161 520 343 216 840 487 946 132 586 344 790 641 462 319 840 579 388 422 991 306 800 545 256 671 681 533 833 970 824 872 655 329 451 551 27 233 22 157 49 701 924 51 312 563 890 706 438 789 623 343 903 500 737 303 499 809 855 952 319 844 960 19 856
77 213 501 722 466 421 867 673 619 42 459 451 494 686 537 510 630 120 367 488 991 350 643 406 645 368 52 70 477 8 469 285 232 216 36 604 460 982 348 646 698 634 447 513 150 360 304 247 23 159 948 653 49 473 372 383 893 829 187 209 47 307 409 807 348 860 643 488 551 876 46 132 986 323 533 789 38 996
160 120 822 873 649 497 336 856 342 735 778 598 930 519 481 248 997 39 909 164 121 619 124 325 287 282 25 464 187 781 781 999 498 786 899 233 139 774 699 940 794 320 630 925 266 680 569 303 117 1 641 966 828 840 128 582 762 946 697 122 293 595 945 645 500 713 67 757 63 877 682 92 208 167 352 595 848 251 838 519 623 821 657 507 457 221 885 160 774 30 456 657 634 243 135 517 315 941 65 420 233 697 843 558 677 562 854 137 576 623 251 529 228 124 147 648 64 842 834 177 524 915 616 83 241 370 83 812 695 274 86 423 192 862 184 845 394 491 889 256 985 632 359 128 175 974 549 178 689 817 505 423 659 104 760 481 101 866 391 865 574
248 786 515 183 178 745 938 809 235 36 957 136 16 678 952 53 748 12 463 969 549 229 144 409 287 211 515 166 467 84 980 704 675 836 461 650 12 301 850 809 994 560 617 946 480 352 660 589 669 667 842 782 769 977 340 75 64 609 810 351 732 166 957 71 481 66 843 527 928 388 579 605 200 993 459 613 802 511 550 606 901 650 469 665 201 185 96 244 796 660 951 821 617 416 585 920 878 249 608 25 5 666 736 31 519 506 555 425 154 681 549 934 857 886 511 87 407 447 302 676 493 780 548 142 134 460 18 877 986 427 817 443 839 509 247 255 276 294 803 731 652 4 896 854 683 871 879 897 640 49 493 482 98 435 472 458 855 616 892 438 358 286 26 214 874 716 885 467 619 175 417 299 724 208 156 262 975 849 157 215 739 938 155 662 473 94 914 995 157 529 453 82 423 431 994 369 582 927 150 143 240 698 587 59 410 268 789 355 818 458 270 408 288 693 295 920 521 143 952 980 876 751 527 693 786 168 927 429 441 60 13 29 394 132 801 971 419 971 632 445 458 723 137 576 260 724 940 351 761
30 983 658 207 206 176 773 868 717 873 984 863 507 86 287 977 130 988 990 350 807 17 486 891 869 628 668 161 636 507 67
212 725 530 387 655 231 348 976 486 997 920 652 810 789 929 660 559 797 820 327 872 106 751 437 615 589 242 270 404 956 804 387 595 562 140 516 32 450 867 514 238 667 403 513 137 855 218 297 916 176 557 518 193 722 681 513 523 662 552 749 295 491 214 111 517 98 189 483 211 370 794 92 156 329 434 487 346 406 729 654 385 630 588 685 112 316 883 546 364 809 754 191 981 166 83 959 646 163 281 245 588 275 879 569 345 977 190 643 7 490 523 616 218 16 8 400 137 591 22 647 614 978 7 300 29 462 586 929 763 541 232 221 823 394 370 742 627 665 792 766 585 947 357 87 327 104 368 20 5 77 748 123 106 256 519 541 553 895 818 181 569 54 890 22 57 849 447 887 465 860 762 833 883 292 274 487 903 147 477 41 804 686 546 281 228 718 474 98 230 151 857 299 454 387 979 723 528 36 584 262 888 723 898 94 574 302 864 163 961 839 965 925 15
212 929 206 895 318 503 284 941 922 903 643 161 205 43 900 746 983 891 496 103 329 876 480 767 242 605 397 761 55 557 100 912 912 142 298 476 379 339 528 629 647 612 742 756 799 463 370 336 968 886 357 50 475 227 86 780 379 907 310 401 336 923 166 429 642 502 56 373 865 420 95 538 793 237 352 784 640 409 658 102 716 903 862 342 600 356 566 430 632 445 996 104 534 895 827 816 445 555 897 712 400 427 192 861 153 669 136 38 956 743 4 920 226 116 744 851 88 673 393 815 309 61 716 201 744 365 400 149 450 78 609 299 375 565 265 316 942 311 758 447 30 553 439 953 840 637 951 417 868 226 785 89 188 462 108 328 701 807 225 134 19 189 702 740 273 538 427 430 759 81 749 631 807 330 941 123 839 720 624 87 745 379 77 168 264 583 812 719 928 476 493 541 194 513 996 922 497 113 678 736 269 935 162 645 480 945 99 953 212 985 494 304 607
217 887 940 82 422 687 406 822 882 187 177 641 691 246 790 665 989 572 531 31 25 998 656 427 58 214 752 258 56 92 952 921 273 74 18 476 735 962 539 472 798 705 82 364 661 324 540 530 395 555 298 117 881 269 447 778 729 357 425 677 644 641 381 702 806 767 124 395 953 836 901 667 744 188 495 923 152 621 669 912 951 549 497 139 904 944 195 990 743 310 152 861 937 713 531 100 753 398 318 328 815 563 209 27 203 781 543 703 723 106 474 428 934 544 802 310 894 591 373 368 757 886 702 443 754 40 79 944 354 567 786 316 737 310 378 969 176 861 558 917 206 559 849 146 786 738 332 637 747 86 435 687 726 870 942 650 348 435 733 72 68 419 609 512 49 222 149 177 147 283 166 138 589 604 804 836 126 467 615 506 172 204 259 155 985 414 13 937 500 849 971 309 644 450 778 532 488 905 775 794 697 76 53 623 516 33 147 424 379 716 852 319 779 429 599 509 276 12
208 136 389 494 977 182 715 392 298 434 288 889 439 615 103 433 565 421 850 157 445 379 397 558 376 271 362 146 18 490 118 597 78 962 614 819 552 207 791 54 967 701 246 867 967 43 873 281 225 414 268 536 557 178 54 662 280 230 848 811 567 15 495 158 333 912 538 214 801 979 1000 740 978 154 927 447 409 922 602 887 847 230 612 365 305 945 61 616 626 183 38 776 277 224 129 584 365 133 360 312 587 899 129 719 327 773 327 664 98 249 854 516 191 791 775 208 973 845 732 265 688 685 300 899 326 333 874 59 819 312 773 934 611 470 507 11 972 850 664 306 830 882 323 19 93 703 838 959 486 464 852 933 595 970 536 880 637 954 279 858 4 69 26 872 605 842 273 154 564 657 312 366 991 284 362 408 789 232 138 751 946 779 147 384 169 41 162 875 63 576 147 679 827 419 419 44 147 976 140 880 870 728 960 562 906 812 284 195 952
256 889 538 299 561 832 353 21 227 688 736 941 449 50 360 341 375 195 441 888 605 345 166 612 865 7 296 234 53 19 264 31 129 950 632 84 345 131 122 648 488 537 585 438 909 271 439 817 205 737 929 454 327 825 625 337 961 264 144 544 180 54 983 942 322 799 641 885 624 658 484 962 39 223 784 669 984 115 788 933 262 521 175 944 399 186 732 559 291 459 835 438 682 776 636 590 819 317 9 984 979 151 965 487 791 250 452 665 443 986 723 570 585 423 317 610 798 857 627 619 580 575 63 515 64 279 773 262 444 382 607 23 867 819 595 696 513 443 208 949 337 72 132 542 427 232 144 394 957 895 98 441 170 3 929 87 281 461 624 138 458 934 911 160 610 480 756 411 410 206 585 647 855 59 235 343 739 633 545 354 377 594 11 957 994 745 384 558 727 900 943 943 483 521 420 820 298 989 338 341 554 831 863 948 496 665 755 638 727 32 340 387 875 823 817 538 515 956 783 143 372 739 320 819 25 89 300 134 692 183 572 992 251 299 483 80 180 88 932 45 58 626 310 884 703 707 343 563 87 372 137 561 381 298 483 448 916
81 347 133 338 825 559 342 487 203 200 245 670 94 437 528 568 243 442 166 237 410 966 466 692 290 676 263 34 743 432 591 142 572 417 881 581 394 633 84 688 765 795 692 122 247 226 960 997 939 952 478 483 780 343 907 91 604 875 71 295 76 267 120 237 390 811 394 832 464 56 766 39 974 237 263 869 72 123 382 680 240 136
133 573 616 420 933 36 955 687 548 596 121 458 698 672 967 123 889 770 571 910 271 708 672 62 163 852 570 931 569 189 856 473 660 850 569 853 551 611 51 410 884 220 14 214 92 878 884 73 56 700 530 664 140 204 477 456 686 931 264 730 831 517 238 538 656 453 641 680 688 921 578 130 871 771 389 630 977 665 610 572 805 713 117 126 836 503 326 165 41 13 967 765 19 651 315 445 644 616 610 918 697 375 324 200 838 318 413 208 492 956 993 13 429 543 902 567 176 557 115 712 862 197 505 141 887 743 811 966 238 108 502 664 168 313
286 612 915 574 464 58 152 277 81 29 614 692 463 441 96 396 362 648 523 549 198 319 628 626 539 266 266 57 192 109 122 458 26 225 692 376 571 864 70 77 105 709 552 754 470 676 537 567 727 76 141 524 815 661 448 466 464 897 773 463 985 190 633 357 485 97 433 859 733 858 339 812 30 350 97 561 17 980 650 902 582 572 577 957 885 399 741 701 25 875 698 818 606 184 210 482 464 975 603 353 621 977 140 353 905 756 255 347 325 11 36 801 330 947 383 281 445 531 641 421 498 460 121 94 454 907 377 804 54 279 180 550 465 800 650 416 73 43 821 19 427 533 148 615 493 691 924 675 932 630 250 614 1 493 251 178 36 862 933 444 113 497 390 477 755 364 153 271 967 390 367 874 455 725 781 426 700 100 85 37 144 235 744 856 861 971 154 858 474 396 528 635 278 573 641 858 786 801 149 499 641 352 186 926 225 783 355 835 311 187 966 482 544 352 750 171 192 349 861 981 260 930 864 32 473 106 970 509 270 608 314 140 950 833 714 249 324 533 448 485 909 16 363 106 493 904 456 57 634 585 350 956 154 396 352 149 41 510 653 222 53 913 644 101 907 103 925 197 144 114 796 743 775 160 756 48 461 679 497 781 796 76 923 974 857 822 213
319 315 80 762 5 868 704 974 951 323 965 491 437 248 770 991 981 307 815 612 410 288 248 464 534 915 482 474 782 157 325 299 546 366 363 393 635 822 412 784 540 729 511 959 303 482 41 104 625 198 999 81 5 359 801 473 694 917 332 907 750 929 376 953 839 279 332 760 459 79 464 442 351 3 998 30 110 262 519 737 538 989 307 546 578 169 235 250 473 606 480 973 722 903 968 179 413 124 428 265 354 845 683 454 425 958 645 20 368 928 954 925 715 324 98 178 508 649 140 955 197 668 547 189 93 362 425 597 373 595 263 61 863 658 772 360 298 514 93 18 401 542 563 56 69 406 378 792 554 331 441 59 1 703 757 767 31 24 132 427 363 949 769 923 104 553 263 63 907 132 177 780 567 95 616 457 350 258 58 430 460 785 737 449 50 384 631 545 146 491 192 519 655 240 97 799 890 832 677 621 384 230 348 573 443 61 751 214 81 971 424 697 932 54 515 789 995 449 141 252 154 409 744 656 247 293 994 937 346 628 109 233 969 223 896 206 240 428 758 87 348 951 848 737 949 232 970 146 24 564 214 327 733 389 839 885 964 609 447 308 162 902 78 19 348 72 68 206 693 551 403 346 546 900 685 348 865 782 592 859 534 435 307 60 345 812 678 248 211 151 612 605 573 556 757 881 159 950 608 809 914 451 987 365 929 897 323 328 711 927 688 809 153 172 12 248 373 494 854 731
139 841 763 685 74 840 728 735 395 940 711 203 523 988 764 623 190 188 104 881 743 671 694 204 89 564 9 231 356 462 277 959 685 362 297 502 738 247 384 615 500 167 161 908 130 996 35 292 351 235 347 167 865 537 262 932 845 683 51 779 593 203 821 38 808 291 441 181 173 992 325 790 534 563 792 474 87 251 821 343 937 851 911 330 649 805 103 49 818 937 569 843 247 795 654 779 100 537 512 611 33 269 864 146 506 967 40 933 341 655 549 155 933 603 376 858 228 170 254 816 66 331 206 339 609 39 393 622 637 999 183 75 891 172 872 215 102 554 323 831
305 269 367 202 658 272 365 211 578 893 311 98 201 526 709 774 935 262 152 437 9 105 29 813 956 266 346 318 987 39 27 167 76 279 706 652 852 67 631 643 306 386 119 498 290 366 507 989 540 987 440 933 12 747 914 466 100 198 422 460 79 106 887 404 318 941 746 240 753 996 845 677 994 147 70 711 543 693 764 99 133 766 745 234 433 95 829 447 296 361 632 253 185 484 638 424 986 775 199 70 724 996 117 735 947 911 983 407 951 37 5 914 344 524 163 701 806 366 391 474 430 556 16 832 304 614 352 743 161 457 825 311 660 305 695 233 540 260 748 299 46 681 791 957 229 938 379 674 298 426 734 993 643 890 433 62 704 628 346 833 36 356 67 590 256 814 824 566 306 44 40 93 809 474 568 403 663 379 503 979 52 593 145 682 938 363 8 460 787 85 542 268 240 108 936 44 526 214 469 722 53 526 334 513 269 815 676 218 833 523 361 981 998 636 305 953 882 757 29 667 884 423 319 944 950 60 269 610 655 317 301 956 943 806 349 885 91 932 420 575 637 183 65 340 867 326 372 736 330 19 474 768 99 189 936 163 433 663 715 252 369 676 70 199 812 984 967 927 750 864 151 43 235 985 756 539 741 29 74 219 368 70 182 105 381 508 933 445 767 22 480 218 787 349 669 638 209 56 521 470 492 213 941 388 392 825
17 261 333 622 898 58 19 89 778 895 265 125 856 903 895 279 441 434
245 450 626 479 609 324 422 675 795 987 899 338 508 546 57 405 698 187 531 727 750 623 702 227 337 822 330 397 985 70 730 463 888 298 735 260 267 781 981 874 501 607 875 394 929 888 407 916 477 829 293 346 61 175 314 162 731 259 267 200 839 67 96 120 195 117 853 99 46 598 897 708 812 373 214 30 704 980 487 585 314 180 591 790 677 912 168 88 120 598 409 693 489 271 549 703 278 877 217 316 155 649 203 957 570 801 351 421 271 363 612 376 241 768 78 444 815 598 594 358 66 194 821 646 337 913 65 773 693 49 39 619 32 345 325 214 796 99 162 712 261 65 734 282 125 103 991 300 525 216 577 907 916 251 404 909 892 832 32 812 425 515 848 725 176 786 93 34 245 578 328 828 714 535 903 222 830 515 888 983 980 364 5 962 891 248 650 36 275 848 943 874 942 859 911 297 175 134 126 479 386 680 34 444 568 744 613 612 402 345 120 830 845 425 18 780 454 469 256 690 97 726 664 978 123 32 405 19 533 558 484 531 838 491 447 722 177 213 936 904 428 522 132 659 184 796
99 606 141 831 869 247 279 66 371 863 839 648 527 940 728 913 30 633 766 923 843 566 305 466 205 770 865 743 311 819 59 998 234 761 556 533 353 257 728 485 131 25 865 696 555 975 226 305 203 571 639 819 144 260 730 506 373 403 702 857 124 249 739 130 174 736 781 164 251 32 50 334 10 327 545 513 972 150 351 900 179 918 693 356 639 403 171 139 757 812 200 99 155 62 664 7 979 148 829 860
150 463 849 376 449 227 772 57 479 185 563 195 55 283 62 345 52 561 828 472 203 909 931 305 380 45 220 776 179 249 793 814 812 773 89 194 583 862 581 634 59 272 87 271 292 400 52 328 842 264 647 106 335 796 256 752 154 46 507 329 242 348 260 857 837 556 210 659 92 72 290 269 64 24 180 230 245 568 254 955 406 96 881 110 888 874 78 303 135 164 758 237 299 114 615 345 254 884 313 825 846 58 296 765 643 691 907 203 287 963 170 351 44 430 497 585 365 989 600 420 378 724 542 353 129 498 333 187 293 900 556 301 312 41 776 862 478 811 155 595 324 261 134 86 54 619 837 432 49 792 909
212 360 283 884 698 34 828 679 982 441 284 714 317 817 843 832 711 462 931 422 437 856 121 732 197 862 632 890 532 155 737 590 294 57 783 903 202 801 234 635 701 972 47 364 55 601 523 135 340 84 722 963 877 771 774 365 223 534 359 986 437 352 521 477 870 920 97 648 646 978 697 936 899 363 784 629 905 15 551 651 870 932 141 387 645 158 647 794 159 574 546 411 600 539 769 729 847 926 411 389 810 53 24 913 557 282 919 484 904 478 670 341 413 421 255 801 306 430 870 782 210 696 638 877 540 3 204 568 570 410 157 613 277 132 585 272 2 763 99 336 195 156 978 307 972 355 711 352 172 891 178 912 628 405 585 472 199 105 57 414 220 685 336 935 267 264 730 343 87 87 892 415 76 532 733 800 870 696 202 128 704 825 442 940 626 602 698 101 73 306 880 792 762 312 904 991 277 715 861 195 90 223 600 827 849 117 892 325 720 287 707 717 136
371 701 269 259 489 454 344 670 462 46 408 722 203 713 82 55 222 488 602 426 546 858 531 793 963 261 696 552 621 387 966 559 589 768 958 678 787 849 838 91 654 402 586 489 668 254 769 918 327 987 650 867 858 278 149 311 386 869 973 158 136 901 577 728 329 707 240 209 191 881 798 692 816 212 909 591 823 475 990 840 591 295 509 851 281 952 228 783 229 393 811 27 827 754 761 365 835 189 583 468 900 105 567 564 444 605 41 280 221 109 605 685 504 906 257 837 432 692 372 788 24 484 977 121 453 376 505 59 912 962 638 346 451 328 352 648 337 564 879 259 36 89 242 450 535 233 924 663 424 703 20 141 145 979 676 169 588 26 146 275 837 649 794 352 791 474 200 91 349 113 871 885 39 544 795 265 9 89 142 376 612 610 911 595 390 771 361 508 315 39 119 358 371 151 194 317 109 550 342 650 391 500 646 155 840 42 419 598 870 329 321 571 182 981 269 690 135 913 822 258 572 297 780 478 660 449 49 889 492 894 303 91 189 810 897 163 439 144 50 495 544 4 619 761 367 143 373 299 196 194 548 643 972 349 71 531 901 888 182 529 975 349 53 578 261 313 4 956 995 15 559 746 428 198 451 861 152 177 235 573 48 693 695 444 200 363 923 842 857 928 285 634 948 855 728 558 735 301 68 447 221 113 296 112 373 287 499 553 165 904 339 735 376 700 840 396 957 592 858 440 689 447 317 172 223 204 477 373 73 512 605 962 92 667 127 886 987 640 277 693 665 419 358 820 10 763 922 826 171 232 114 17 115 880 548 938 118 180 532 226 540 309 798 996 721 880 353 72 717 138 457 957
40 773 768 887 488 144 915 13 31 260 52 394 524 161 505 146 1000 697 440 802 621 415 410 524 974 864 266 934 498 783 469 511 40 334 435 837 859 232 97 922 620
94 113 901 836 340 804 863 485 622 54 847 719 19 605 997 470 560 227 232 936 858 248 677 708 637 855 985 336 212 753 710 767 957 342 469 200 782 628 454 207 794 966 998 517 474 945 99 136 308 796 354 136 861 100 564 724 370 592 207 718 275 680 167 999 180 196 761 373 683 90 569 340 616 694 38 610 468 32 6 701 180 243 338 409 972 334 19 112 603 973 306 911 501 11 913
11 951 26 502 779 820 502 380 897 486 119 874
185 109 151 791 974 946 592 211 691 548 514 838 231 361 327 63 779 82 353 548 437 931 314 870 880 678 189 908 702 790 951 150 591 538 102 990 591 296 379 742 278 390 950 939 334 511 389 498 885 79 538 699 37 745 446 489 490 201 576 220 250 413 559 389 496 180 78 429 579 108 266 332 347 542 554 5 94 35 158 922 336 786 924 224 931 452 634 305 309 190 652 696 100 402 532 919 153 467 116 123 601 795 393 615 878 364 135 407 62 356 827 821 25 156 702 335 352 277 368 690 763 641 969 921 782 24 292 46 609 811 90 594 563 519 774 856 849 995 102 318 90 352 968 461 309 898 88 376 992 803 244 816 700 550 872 713 400 769 318 467 804 33 346 929 449 457 348 518 459 398 10 53 21 1000 967 845 156 729 755 981 716 401 269 197 196 653
264 328 176 178 538 474 309 226 471 154 520 708 483 59 545 946 909 136 357 65 899 872 724 199 882 736 763 540 115 362 605 503 166 290 823 782 938 368 818 687 724 171 2 449 629 465 243 215 477 465 426 24 685 151 690 156 888 341 924 499 410 762 605 413 376 924 232 677 497 158 147 162 108 779 967 684 948 400 613 273 771 599 572 292 833 544 619 475 742 299 308 859 244 821 817 59 233 815 542 283 714 940 530 448 849 997 199 236 520 553 598 25 96 933 695 817 820 398 14 45 818 753 160 556 120 189 576 407 331 279 51 105 550 159 304 894 423 685 674 155 337 968 282 102 816 584 100 766 416 900 273 745 206 162 26 261 563 713 245 79 687 264 914 45 186 402 195 414 654 720 369 266 878 532 778 415 247 580 626 492 969 339 786 935 840 490 309 275 799 592 861 818 739 907 262 708 749 345 128 13 730 752 416 389 434 95 829 726 36 484 385 880 668 261 493 984 752 778 129 206 38 833 402 193 616 926 441 14 221 607 367 392 705 675 855 177 712 740 29 777 401 940 449 864 168 292 928 901 198 811 292 521 947 853 182 183 967 114 955 458 67 267 51 731 475
289 51 710 790 542 386 478 310 202 686 470 25 141 168 669 391 150 698 287 583 180 399 302 79 25 945 233 844 499 316 583 826 637 933 51 288 191 109 56 353 743 711 305 392 852 461 608 16 300 561 795 735 895 598 881 220 618 56 674 731 160 161 144 801 617 755 237 662 160 784 157 71 172 152 176 794 785 988 222 691 299 93 447 457 51 705 91 585 836 497 516 509 910 739 399 845 96 385 39 192 492 566 990 53 162 649 134 780 714 106 279 114 554 899 811 821 770 640 319 329 31 645 839 25 295 933 483 483 912 651 963 160 838 97 60 787 319 226 555 1 360 522 718 265 141 409 211 402 800 113 955 567 354 341 720 220 571 716 348 201 372 709 994 58 848 9 309 407 732 297 333 821 532 672 150 900 267 458 208 551 117 668 56 310 751 147 617 918 917 801 273 960 917 518 225 46 62 790 77 245 413 433 58 594 431 728 408 828 525 770 400 37 678 591 550 908 657 612 78 49 235 873 773 267 202 248 490 959 338 579 885 940 243 409 997 806 892 974 696 635 88 732 483 206 734 996 154 635 798 542 920 436 258 772 407 859 261 715 13 23 818 893 768 77 790 326 183 596 192 648 920 197 322 297 132 67 757 634 987 777 753 81 902 356 960 71 740 551 443 59
133 32 970 59 769 171 93 994 135 629 418 254 526 171 746 472 119 304 919 396 77 951 536 937 55 687 440 697 897 228 797 673 561 55 57 189 339 492 842 154 704 9 191 526 965 571 674 398 493 348 799 476 862 116 241 593 377 197 783 363 143 480 40 751 496 74 61 472 946 165 617 235 722 779 953 393 206 352 954 659 527 89 12 268 106 944 607 379 961 505 64 712 474 979 461 875 53 571 813 518 153 872 111 225 871 975 122 563 998 105 735 218 169 636 217 941 92 953 798 395 778 874 662 437 313 122 169 51 749 509 224 68 84 166
305 727 905 548 449 580 378 505 184 53 255 126 917 884 847 318 225 700 623 976 400 76 547 307 909 395 637 743 466 722 418 223 416 805 228 967 958 401 653 564 544 230 753 430 823 784 492 857 863 482 80 936 705 252 689 712 64 633 600 267 396 380 211 942 582 237 84 415 447 420 789 946 626 230 620 344 416 105 391 125 274 293 841 500 171 470 557 333 187 240 571 675 843 518 484 880 525 306 434 725 457 756 164 565 819 136 196 460 368 881 145 514 551 103 345 71 942 728 116 842 642 7 8 265 761 560 783 870 185 976 199 148 37 157 714 656 650 121 914 250 131 74 559 785 207 698 944 113 616 450 593 259 246 882 868 758 203 496 263 670 214 111 677 664 806 459 982 491 276 866 662 80 662 469 931 267 973 384 454 487 335 575 876 33 912 782 868 708 68 132 733 484 632 765 386 645 636 837 706 266 612 178 168 589 971 928 332 739 168 218 895 522 283 570 116 55 889 349 25 733 598 9 862 574 449 674 171 222 366 601 633 536 690 349 326 60 417 977 421 283 445 846 871 81 294 892 606 411 564 704 530 118 960 615 632 463 990 696 339 551 69 984 902 400 809 588 410 528 975 141 19 318 416 828 119 39 739 275 25 860 540 580 945 642 99 308 524 567 592 658 394 811 455 244 73 189 766 255 641 281 287 80 385 222 576 912
