int 10 181 235 13 165 214 263 36 125 269 15 4 9 11 14 15 16 21 23 27 31
int 10 85 158 259 6 230 224 132 273 103 297 0 1 3 4 8 9 10 14 18 22
int 10 183 248 165 211 252 264 76 37 75 145 0 1 4 5 8 11 16 19 20 24
int 11 213 141 127 279 284 137 70 161 181 65 2 2 5 10 15 18 21 24 25 30 31 34
int 11 145 62 209 10 49 118 290 255 243 185 34 5 7 9 11 13 18 22 27 30 35 39
int 11 178 253 295 171 75 104 262 32 19 131 35 8 12 13 18 19 23 24 25 30 31 34
int 11 166 34 83 175 84 55 156 99 164 193 86 3 8 11 16 17 20 21 22 25 26 31
int 13 220 144 272 276 30 219 69 88 29 52 232 158 7 1 4 6 11 12 16 17 21 25 28 29 34 39
int 13 116 204 83 74 13 11 144 108 159 5 72 192 272 5 10 14 18 19 24 25 30 35 37 42 46 50
int 14 170 133 101 290 284 58 27 94 86 97 89 135 168 200 4 5 9 10 14 18 20 24 26 31 34 39 42 45
int 14 56 132 6 192 64 2 106 290 119 202 134 275 92 32 4 9 13 16 19 20 25 29 31 36 41 45 47 49
int 14 199 152 56 49 76 204 48 87 233 14 257 259 110 276 0 2 3 6 7 10 12 17 19 24 28 31 34 36
int 14 5 146 53 137 249 122 20 154 22 46 259 96 228 52 6 9 11 16 20 24 26 30 31 32 37 39 43 46
int 14 107 290 10 200 236 178 138 293 115 215 72 147 243 251 9 10 12 17 18 23 24 28 30 35 40 41 42 44
int 15 269 197 287 86 290 52 196 255 101 200 234 194 0 174 288 6 7 11 13 17 18 19 21 26 27 28 33 35 36 41
int 15 100 110 28 158 187 194 52 280 56 98 215 255 222 43 59 9 13 14 15 16 19 24 26 29 32 35 40 41 44 45
int 15 68 8 290 120 47 106 15 141 239 235 133 294 16 135 70 6 8 12 13 15 17 19 24 25 26 29 32 36 39 44
int 15 6 88 219 92 117 152 280 120 181 222 196 1 193 38 153 4 7 12 17 19 20 25 30 33 36 40 42 44 48 50
int 15 137 245 58 289 204 247 14 283 61 213 225 154 160 76 171 9 10 15 17 20 24 29 32 37 40 43 46 47 49 53
int 16 268 168 161 238 211 282 231 195 199 223 26 297 9 67 216 290 9 14 18 23 25 30 32 33 38 42 47 48 50 54 55 60
int 16 248 282 243 174 207 26 295 46 115 204 230 150 214 184 213 124 3 6 9 13 18 22 23 28 31 32 35 37 41 42 47 52
int 16 142 295 101 164 82 91 92 98 85 96 162 141 6 272 176 73 3 5 7 12 13 18 21 23 26 29 34 39 43 47 51 54
int 16 82 0 130 120 34 169 140 12 159 67 123 25 234 119 145 210 0 1 3 7 9 10 11 16 20 22 24 27 28 30 34 35
int 16 225 9 268 206 114 162 67 38 92 119 243 26 234 50 226 160 9 11 12 14 16 18 23 28 31 32 34 35 40 42 43 45
int 17 224 113 209 81 260 5 75 247 170 238 295 92 30 267 252 28 55 6 8 10 14 16 20 23 25 26 27 30 33 38 40 44 49 51
int 17 209 59 276 178 137 215 89 127 71 57 56 70 272 73 12 111 182 3 4 7 8 9 11 15 20 23 26 29 30 33 34 38 43 48
int 17 168 108 48 288 165 244 149 106 65 24 39 252 233 35 133 136 89 5 8 13 14 18 23 27 28 30 33 34 38 39 43 45 47 49
int 18 252 283 216 24 190 243 212 23 226 281 219 85 162 107 213 18 30 83 5 9 13 17 18 20 24 28 30 35 36 39 41 46 49 51 54 57
int 18 256 56 234 148 169 17 155 197 198 201 274 283 226 205 70 258 254 204 6 7 10 11 16 21 22 23 28 31 33 36 39 41 45 49 54 59
int 18 79 42 169 32 212 106 248 151 164 273 184 296 186 127 44 124 14 67 9 13 14 19 21 23 24 25 29 30 34 37 39 44 48 50 52 54
int 18 120 93 286 181 53 240 135 56 103 72 65 79 264 219 212 99 233 153 0 3 6 11 13 15 16 21 24 29 32 34 35 36 41 43 44 45
int 19 261 240 145 85 50 212 83 146 248 98 299 257 227 192 279 266 221 100 183 1 2 7 11 15 16 17 18 19 20 21 26 28 31 33 36 41 43 45
double 20 27.6 4.4 28 27.2 2 24.6 3.7 16.6 12.7 24.9 0.5 23.3 14.5 4.6 12.3 24.3 0.2 17.9 7.2 21.9 4.6 7.2 12.8 14.4 16.1 20.8 25.4 29.7 32.1 36.8 38.4 43.6 44.7 50.2 52 57.5 60.7 66.4 72.3 78.1
double 20 23.9 2.8 27.4 16.4 0.7 9.9 8 15.6 26.4 12.9 18.2 8.8 5.1 18.9 9.3 19.4 12.1 13.6 19.9 24.6 8.5 11.9 15.6 19 23 26.5 30.4 31.6 33.5 37.9 40 41 46.4 52.3 57.1 61.9 66.5 69.6 71.4 77.3
int 20 265 250 15 274 284 81 60 291 78 94 153 213 68 146 122 192 208 134 115 160 3 5 10 12 16 18 21 25 29 31 35 36 39 41 45 50 53 57 62 65
int 20 113 83 211 285 269 11 209 121 150 173 7 225 40 181 161 141 239 154 126 217 9 10 11 16 17 19 24 25 26 31 35 37 39 42 47 49 51 53 56 59
double 21 18.9 23.3 23.7 0.1 26.1 3 5.9 3.5 17.2 17.9 0.3 25.7 12 20.1 18.4 1.8 14.9 20.2 6.3 7.1 27.7 8.5 10.4 14.3 19.8 22.9 24.1 26.9 30.3 34.5 36.3 37.8 40.4 42.6 46.2 49.9 55.5 61 62.3 64.3 68.2 73.3
double 21 17.9 8 15.5 26.2 11.1 7.3 26 26.9 25.8 4.5 5.8 1.1 0.9 16 2.2 12.9 18.7 4.9 3.6 0.4 9.2 4.9 7 8.7 13 16.9 22.2 24 27.8 30.6 33.2 37.2 42.5 46.1 49.9 55.1 56.8 60.1 64.9 67.9 73.6 74.7
double 21 4 3.3 14.7 27.5 19.7 6.2 3.7 12 3.6 1.9 4.7 6 23.6 16 4.4 16.4 10.4 17.9 21.5 17 24.3 7.1 10.2 14.7 15.8 17.9 19.9 23.9 29.2 34.5 37.1 40.6 46.5 50.5 54.9 60 64.5 65.5 66.7 70.3 72.3 76.8
double 22 15.8 26.2 8.8 24.4 29.8 22.6 20.6 7.9 17.6 23 6.6 6.5 22.4 19.5 16.4 29.3 28.1 7.2 13.6 28.3 6.4 4.8 9.8 15.3 20.5 21.7 27.5 33 35.2 38.7 40.1 45.9 48.3 53.7 58.2 60 64.7 70.6 71.8 77.3 82.9 86.2 88.1 92.2
int 22 16 111 84 99 6 72 211 165 281 83 9 75 107 293 149 17 53 73 114 229 131 8 9 13 18 21 22 25 27 30 33 38 42 47 49 51 54 56 58 63 64 65 70 72
double 22 15.3 6.6 7.7 26.6 27.6 6.5 3.4 15.1 1.2 10.6 19.3 19.4 0.2 22.2 23.5 25.4 20.6 28.9 16.2 27.7 7.3 11 5.6 11.1 16.8 22.5 25 29.7 35 40.7 46.3 49.7 55.6 57.7 59.9 61.3 66.2 68.1 69.5 71.6 76.7 78.5 82.1 85.3
double 22 9.1 20.1 16 5 13.7 5.8 7.1 29.1 2.4 15.4 13.6 14.6 16.7 19.2 29.2 17.4 4.9 18.8 17.1 8.4 11.5 29.3 4.7 10 15 18 22.4 26.3 28.7 30.2 33.5 38.7 43.1 46.3 47.9 53.1 56.7 60.6 64.5 70.3 73.6 77.7 79.5 85.3
int 23 157 176 162 262 112 63 49 124 138 17 114 263 38 283 236 237 277 251 71 288 232 129 4 7 10 14 15 17 20 21 26 29 32 35 36 40 45 46 48 52 57 62 66 69 71 74
int 23 253 258 78 245 255 101 115 121 276 90 189 98 291 174 118 177 96 49 297 88 201 134 33 6 9 14 19 21 25 28 33 37 40 45 50 54 55 60 61 64 66 71 74 75 79 82
double 23 17.9 21.2 11.4 23.3 29.7 8.6 16.3 21.9 22.2 0.6 6.5 1.9 10.3 22.1 9.4 20 21.3 14.8 0.9 1.8 4.6 27.4 7.9 4.9 9.4 15.1 16.3 18.5 23.3 24.6 29 34.2 36.5 39.6 41.4 46.4 50.1 54.2 56.7 57.9 59.1 63.2 66.3 70.1 74.3 79.3
double 24 15.7 3.3 26.9 13.1 9.7 28.5 14.7 6.1 13 13.3 17.4 14.6 29.7 0.9 27.9 23 24.5 19.1 3.4 1.3 26.7 5.2 6.5 11 6.9 11.2 16.6 20.8 26.4 29.1 31.1 34.2 37.7 38.7 41.5 45.6 48.3 50.6 52.1 55.5 56.7 60.6 64.3 66.9 68 69.6 73.8 76.5
double 24 21.8 2.5 29.7 10.1 28.3 25.3 8.6 1 7.3 7.6 26.4 13.3 26.3 16.4 14.5 5.5 19 25.1 3.2 9.7 14.1 16.5 0.4 24.7 4.7 8.7 11.5 16.7 21.5 23 27 29.7 34.4 36.9 39.5 42 44.7 47.5 51.2 53.9 55.6 59.3 63.6 67.2 72.9 77.9 81.2 85.1
double 24 23.5 15.4 13.6 2.3 14.2 2.5 6.8 28.3 29.7 23.9 2.6 18.5 7.1 26.8 28.4 19.8 24.2 10.7 6.7 11.1 0.6 12.1 13 12 8.6 14.2 18.9 24.4 27.9 32.3 35.7 37.8 40.8 44.3 45.6 48.5 50.1 54 55.2 60.2 64.7 68.1 70.1 73.5 76.2 77.8 78.8 83.6
int 25 78 44 210 167 74 137 20 219 246 162 241 57 8 67 271 58 154 294 117 280 282 60 11 260 259 2 5 9 13 15 16 18 20 21 23 27 31 34 39 42 47 48 49 50 51 56 59 62 65 69
int 25 200 131 166 118 2 277 34 287 187 117 71 256 149 73 236 134 274 48 72 289 258 123 29 159 157 2 7 10 11 16 21 26 30 34 38 41 45 49 54 59 63 64 69 70 73 76 81 85 90 92
double 26 17.6 15.6 29.2 21.3 6.2 14 27 11.6 16.9 21.1 19.3 20.4 5.5 0.3 25.6 29.5 18.8 5 10.8 17.7 14.3 24.2 1.9 19.2 5.6 10.5 4.8 9.8 15.7 20.9 22.6 25.8 31.3 34.2 37.8 39.6 44.2 47.2 49.1 50.1 55.4 60.1 65.2 71.1 72.6 76.7 79.9 81.6 82.7 84.8 85.8 87.4
double 26 26.8 24.5 4.7 18.6 16.1 0.8 25.9 13.6 17 15.4 10.2 18.4 0.3 27.1 24.1 13.7 2.8 26.7 17.4 19.7 23.7 12.2 21.7 19.9 14.7 2 5.1 8.4 12.4 17.5 20.7 26.3 31.7 36 40.3 44.9 48.8 52.1 57.4 58.6 60.9 65.7 66.7 68.4 72.3 75.5 78.1 82.2 85.8 90.6 92.2 95.4
double 26 2.2 0.9 15.3 22.3 2.6 18.8 23.2 20.6 3.3 8.7 27.4 6.9 16.6 26.1 18.7 25.6 10.9 27.3 21.5 11.4 24.2 19.3 24.4 19.2 9.8 18.6 7.8 10.3 15 19.7 22.5 25.6 31.4 33.6 36.6 38.3 44 46.8 52.7 57.4 63 67.5 71.3 76.7 81.8 84.1 86.2 89.6 90.6 95.6 96.9 101.3
int 27 5 190 59 30 50 22 65 146 291 63 43 41 48 292 14 167 32 239 224 225 20 260 289 105 17 264 277 4 8 9 11 14 17 18 21 25 27 29 32 37 38 41 42 43 47 49 53 55 59 62 66 68 73 77
int 27 213 4 11 125 203 260 173 116 223 5 55 258 249 118 248 224 76 112 117 178 23 139 86 27 288 6 94 2 4 9 14 17 18 19 24 26 29 34 36 40 43 46 50 55 57 58 63 67 70 75 76 81 86 89
double 27 2.7 2.5 29.4 22.4 17.4 19.1 28.5 7.6 5.9 3.1 15.6 28.2 3.2 4.5 12.2 28.1 7.3 18.1 27 7.1 29.7 5.8 8.7 13.4 2.3 2 22.5 0.8 5.9 11.4 16.1 20.3 24.6 30.4 34 37.5 42.4 44.1 46.6 49.4 50.4 55.4 59.7 64.9 67 68.7 74.3 75.9 80 83.9 87.4 92.3 94.9 98.3
int 28 193 207 213 112 132 260 66 98 214 257 266 77 282 153 221 46 41 56 48 241 204 237 195 215 203 297 12 247 5 8 9 13 18 22 23 27 28 31 36 39 43 45 46 48 53 58 63 64 68 69 74 78 81 85 89 92
double 28 8 0 22.4 24.1 29.6 13.4 12.8 8.6 11.5 26.6 6.2 7.7 26.7 15.7 22.7 26.9 21.5 18.1 24.6 3.3 22.1 15.6 12.3 8.2 4.4 28.7 21.7 10 7 9.6 11.7 12.9 18.7 22.4 25.8 30.2 34.7 36.8 40 43.6 49.5 52.9 58.4 59.5 64.4 67.5 71.9 77.2 78.5 80.7 82.6 86.2 92 95.8 101.4 105
double 28 0.5 4 27.7 18.3 2.9 15.1 8.6 17.9 17.8 2.6 28.9 4.8 29.8 14.9 28.2 22.6 23.5 21.1 14.8 24.7 0.2 1.1 22.7 6.9 21 3.7 4.1 23.9 5.6 8.8 10.4 13 14.8 20.2 23.2 25.9 28.3 30.5 33.9 35.2 38.1 40.4 43.4 45.3 47.7 50.3 51.8 56.6 58.3 62.2 64.8 69.5 74 75.8 78.3 80.6
double 28 23.5 21.2 9.5 29.1 27.4 7.6 19.7 3 14.3 13.8 17.8 14.1 18.5 14.2 4.3 7.4 24.1 10.6 25.1 25 11.2 6.7 27 0.6 10.3 24.5 27.1 23.3 1.9 5.4 10.6 14.8 18.6 22.5 25.1 27.1 29.1 33.2 38 40.2 44.5 49 52.3 53.7 57.9 60.4 62.2 65.3 69.5 75 79.7 83.5 84.9 89.2 92.7 97.5
int 30 181 58 0 44 113 48 69 241 105 141 62 220 205 221 7 95 154 248 112 269 146 152 127 42 56 50 251 82 115 17 1 2 4 5 6 11 14 15 20 25 26 28 29 31 34 37 40 42 44 45 49 51 54 56 61 64 65 66 67 72
double 30 25.4 16.8 22.1 10.1 6.3 11.1 21 27.5 10 14.9 1.9 18.3 2.9 4.5 16.7 27.3 17.5 23.1 19.8 16.1 18.5 12.4 14.3 17.3 10.9 13 15.6 7.6 5.2 2.1 9.8 12 15 20.3 21.4 24.7 25.9 28.4 32.5 36.8 40.3 45.4 46.4 50.3 54 59.4 61.7 62.8 64.7 67.1 69.1 72.3 74.5 79.4 83.4 85.2 86.8 91 94 96.6
double 30 26.9 16.1 6.8 20.9 22.7 16.8 11.8 8.1 5.4 0.5 7.8 17 1.2 26 7.1 12.8 3.6 0.9 9.7 29.9 29.2 13.1 20.2 8.5 9.3 21.3 9 18.5 18.7 18.8 9 14.3 16 17.5 20.4 23.9 27.7 29.4 35.3 36.9 41.3 42.4 47.3 52.7 54.7 57.3 58.4 62.2 65.1 68.9 70.1 72.4 76.4 79.7 83.9 86 90.2 94 97.9 101.7
int 30 168 1 147 13 22 10 259 197 134 78 55 151 226 248 212 111 120 285 72 177 223 277 249 241 289 145 207 234 253 264 2 7 9 11 16 20 24 25 29 30 31 35 39 43 46 50 51 54 57 61 63 66 71 74 79 81 83 88 89 94
double 30 19.6 20.9 23.2 1.3 18.1 22 15.7 7.6 20.6 25.9 10.5 17.6 10.7 23.8 11.8 26.2 26.3 9.2 21.4 11.4 6.8 20.7 10.2 4.6 28.8 3 12.4 19.7 2.5 18.7 9.3 11.4 16.9 20.9 22.2 26 28.4 34.1 37.5 40.7 42.7 44.7 46.5 51.4 52.9 56.5 59.7 64.5 67.9 72.5 77.7 82.7 88.1 89.8 91.7 96.3 99.1 100.7 103 105.8
double 31 4.6 25.6 22.2 19.1 14.4 28.5 23.8 0.5 2 29.7 11.2 17.4 8.1 28.6 16.2 25.8 12.1 5 13.8 6.7 10.9 6.6 29.5 11 19.8 22.9 14.9 9.8 5.9 11.8 16.7 3.8 8.3 9.6 12.2 17.2 19.5 22 27.9 33.7 36.3 37.5 42.7 46.9 52.7 54.5 57.6 63 66.1 70.5 73.5 79.3 82.5 87.8 91.7 97.1 100.8 105.3 107.8 111.9 116.8 122.1
int 31 134 183 176 141 126 79 99 83 283 259 162 139 55 117 32 92 299 66 294 212 107 250 63 86 25 290 17 257 132 61 31 2 5 7 12 15 20 25 29 30 31 32 36 40 43 47 50 55 58 61 63 65 67 68 71 74 79 81 83 86 89 90
int 31 268 30 149 170 245 279 100 79 289 152 221 125 85 293 136 15 115 258 138 204 266 160 62 277 52 256 159 72 9 28 223 5 6 7 10 14 16 20 21 24 29 31 33 36 37 41 43 48 53 57 61 62 67 72 73 74 75 76 81 84 86 89
double 32 24.5 8.5 9.6 17.1 26.8 12 18.3 27.5 14.6 0.1 12.1 7.2 25.5 8.3 22.9 27.7 21.5 20.5 29.4 17.3 2.4 16.2 8.9 18.2 14.5 28.5 2.2 4.5 4.6 28.2 0.8 18.1 3.7 4.7 5.7 11.5 14.1 19.8 21.8 23.2 28.2 33 35.4 37.8 39.6 43.5 47.3 53 55.3 61.2 63.3 69 70.9 73.4 78.1 83.5 86 91.5 93 96.4 99.6 104.2 105.6 111.1
double 32 10.3 7.8 25.4 10.5 15.8 7.2 11.8 29.1 29.2 24.1 1.3 7.7 9.2 28.4 12.7 26.5 25.3 10 15.7 10.4 27.1 5.4 27.8 16.2 17 3.7 26.2 11.5 18.7 23.7 7.9 17.3 1.1 2.8 7.1 9.7 15.4 20.6 26.4 28.6 31.1 37 38.2 40 41.3 43.5 44.5 47.1 48.5 51.6 53.5 55 60 64.5 69.4 70.6 73.6 76.2 81.4 87 89.3 93.9 99.8 101
double 32 5.7 14.6 17.5 29.1 13.9 27.9 4.1 7.7 5.5 5.4 15.7 13.6 17.6 3.6 12.9 22.1 6.7 3 29.7 3.1 19.9 29.9 26.4 15.4 9 21.8 10 21.9 9.3 28.9 13.3 11.9 5 7.4 13.3 17.8 22.9 26.9 28.9 33.8 35 37.7 39.6 43.4 48.5 50.4 55.1 58.7 63 67.1 72.2 77.3 78.7 84.6 89.3 93.2 98.9 104.7 109.1 113.5 114.8 117.7 119.4 121.4
double 32 19 0.3 28 19.1 20.6 20.3 25.7 28.2 10.6 27.3 20.7 5.3 11.5 20.5 4.5 14 25.3 15 13.8 6.7 16.3 24.3 21.2 27.9 9.2 23.9 15.2 4.2 15.5 0 29.4 10.4 4.5 9.6 14.6 17.8 23 27.5 33.4 35 38.2 41 46.4 52.2 55.2 60.1 61.7 65.3 70.2 74.3 78.7 83.8 85.3 88.2 91.1 94.1 95.5 98.7 99.8 101.8 106.7 112.5 117.3 118.8
double 33 6.7 23.7 29.9 28.7 13.1 20.6 15.5 1.5 2.4 7.7 23.9 12.8 24.4 0.2 17.1 18.6 27.7 22.5 0.7 8.7 14.4 19.2 18.5 12.3 10 4.3 10.1 26.9 18.7 2.3 29.5 4 2.9 6.1 7.6 8.6 9.9 12.5 15.5 17.6 21.2 26.2 27.5 30 35.3 39.7 42.3 44.1 48.7 52.4 54.1 55.1 59.3 60.9 65.5 67.6 68.8 72.3 75.9 78.9 83.5 85.8 88.1 93.2 96.3 100.8
double 33 0.7 19.1 13.5 20.4 29.5 13.6 10.3 18.2 15.5 10.9 22.3 4.7 22.1 22.4 25.2 2.3 13.1 24.5 6.1 8.5 2.2 4.4 5.3 26.6 29.1 0.1 6 14.7 17.3 27.4 25 28.4 29.7 1.3 5.5 6.5 11.5 17.4 18.4 23 27.5 29.5 33.8 39.6 44.2 48.8 50 54.3 56.1 59.1 62.3 66.7 68.8 71.5 75.3 77.2 78.6 83.7 85.5 87.7 91.6 95.6 101.3 103.4 106.5 108.5
double 34 24.9 13.2 12.5 21.5 1.3 9.5 0.7 7.5 10.8 12.8 21.4 14.1 19.1 28 22.6 7.6 0 22.7 10.3 0.6 6.3 15.3 4.3 5 12.7 6.7 11.9 14.7 21 23.9 27 14.9 28.4 24.3 9.4 13.2 16.5 22.3 25.2 28.6 34.5 36.1 39.8 41.4 45.5 47.8 49.6 50.9 54.1 56.3 59.1 61.7 65.3 70.8 76.7 79.9 81.7 84.7 87.8 91.8 93 96.2 101.3 105.8 108.1 114 115.8 118.4
int 35 4 139 21 297 15 9 221 54 32 174 230 26 231 114 95 247 233 159 134 56 1 28 31 84 90 177 7 107 272 259 203 222 60 214 129 2 4 8 11 14 15 19 21 23 27 32 33 38 43 44 46 48 50 53 54 57 61 64 69 70 72 75 80 84 89 91 95 100 103 108
int 35 252 140 146 138 155 5 38 263 21 115 130 203 276 53 193 230 178 238 174 222 197 90 17 215 9 292 236 133 34 136 176 267 148 93 173 6 10 14 19 24 28 29 31 34 36 39 42 46 47 49 51 56 60 64 67 68 70 73 75 78 82 86 91 92 93 97 99 102 103 106
int 36 56 37 148 231 205 192 196 17 47 230 185 123 115 120 0 135 229 53 171 138 189 98 46 44 240 186 87 168 266 73 271 275 213 3 118 132 5 7 9 13 17 19 22 26 27 30 35 37 41 42 47 49 53 58 62 65 68 72 74 79 80 81 84 88 90 94 96 101 106 108 112 115
int 36 216 37 177 21 24 129 103 36 282 178 34 168 53 181 28 146 166 262 257 17 238 183 160 25 226 254 174 57 188 253 67 268 119 195 290 85 1 3 7 12 17 19 22 24 27 31 35 38 40 42 43 46 50 54 56 59 62 64 69 72 73 74 78 82 87 92 95 99 102 105 107 112
int 36 24 217 233 25 161 180 182 185 290 174 299 4 269 176 227 85 207 247 105 53 235 104 188 146 298 154 239 20 225 140 173 80 166 198 90 108 0 3 7 12 17 20 21 22 27 31 34 35 40 41 44 46 51 54 57 58 63 64 68 72 73 74 77 79 84 86 90 95 98 102 107 108
int 36 211 85 195 267 2 54 171 242 291 279 153 284 130 184 271 249 15 293 215 101 67 203 221 186 91 118 115 166 233 286 57 77 188 177 176 272 5 7 9 10 14 19 24 25 27 32 33 34 38 39 41 43 48 52 53 54 59 63 64 68 72 77 79 84 87 90 95 97 101 102 106 107
double 37 2.4 29.4 18.4 7.6 2.1 22.9 24.5 20.2 16.3 29.7 23.5 13.4 1 0 1.4 18.3 27.9 26.4 24.8 3.1 3.3 1.6 8 22 23.4 26 10.9 15.7 2.7 21.5 9.4 7.2 12.8 19.3 6.2 3.5 27.2 3.5 5.5 10.5 11.8 13.7 18.6 23.1 24.4 26.9 28.4 31 36.1 37.3 42.3 45.7 49.8 53 58.9 62.4 64.9 69.9 70.9 75.1 78.3 82.8 88.5 92.3 96.8 98.3 99.7 102.6 104.8 109.7 112.6 114.2 117.3 121
int 37 105 200 25 266 77 79 127 121 295 27 222 30 78 31 188 47 33 182 175 185 18 201 124 184 58 92 283 81 49 80 42 237 164 280 103 179 241 3 5 6 8 11 12 13 15 20 23 25 29 32 35 38 43 48 50 51 53 58 61 62 67 68 69 72 73 76 79 82 86 89 90 92 94 96
double 37 3.7 7 8.3 17.2 12.9 3.8 13.2 16.5 1.6 12.6 27.6 16.8 13.9 25.3 10.5 15.5 25.1 4 21.5 1.5 23.8 6.1 26.2 26.4 28.7 1.3 27.9 23.2 27 9.8 5.8 26.6 12.8 22.1 17.9 13 12 4.3 9.2 15 17.8 22.5 27.4 28.5 34 38.1 42 43.4 47.8 50.5 54.5 58.6 62.3 65.5 69.7 72.3 76.5 79.4 81.1 86 88.2 93.6 98.8 102.6 107.9 112.5 114.9 119.7 123 127.1 128.7 134.1 136.7 137.9
int 37 88 85 79 86 147 59 46 167 102 276 244 61 229 81 104 97 98 96 227 266 13 255 89 51 214 168 170 201 175 247 129 130 184 6 26 82 156 5 10 11 16 19 24 25 26 30 34 39 41 45 47 52 54 58 62 64 67 72 73 76 77 81 83 86 88 92 95 96 98 102 104 105 108 112
double 38 8.7 8.8 7.3 7.2 2.4 15.5 24.1 25.1 27 26.7 0.4 24.2 15.7 5.5 12.7 0.7 4.2 16.1 18.8 17 18.5 11.2 26.8 18.3 2.3 15 8.6 14 14.9 9.1 2.2 13.4 27.4 2 13.7 18.4 20.6 19 8.4 10.4 14.3 16.9 18 19.3 20.6 25.6 31.1 36.8 38.2 40.7 42.7 47.7 50.9 52.1 53.4 58.4 63.7 67.6 69.9 74.8 76 81.7 83.4 84.6 86.4 88.8 90.7 93.5 97.1 98.8 101.6 107.4 109.4 115 118.7 123.6
int 38 231 49 204 197 97 162 118 82 144 15 191 21 12 272 291 1 182 87 154 99 249 35 39 96 299 184 109 46 90 3 218 250 65 80 88 107 122 119 3 4 8 12 16 20 24 25 28 30 35 36 38 39 42 45 49 52 56 59 60 62 67 71 76 77 80 81 83 85 87 92 95 98 99 103 106 107
int 38 10 21 138 5 294 188 291 39 216 155 208 225 160 273 195 29 150 158 205 2 147 37 148 26 222 175 55 276 239 64 33 110 25 92 51 200 159 103 2 6 10 14 16 20 21 22 23 25 30 35 38 41 42 47 52 55 56 58 60 62 64 65 70 72 75 78 79 82 85 87 91 96 101 106 109 112
int 39 31 84 10 33 47 5 1 135 272 211 175 43 68 232 122 132 112 274 297 85 201 18 180 141 253 194 295 176 76 216 244 281 230 15 260 254 98 206 258 1 6 9 13 15 16 18 23 25 27 32 35 38 43 47 49 51 52 53 58 59 62 67 72 75 78 79 83 85 90 92 95 97 101 105 107 109 112 117
double 40 2.5 19.7 24.8 9.3 13 22.8 11.1 12 9.8 5.9 21.2 23.2 8.6 15.4 1.2 29.8 20.1 8.1 17.3 27.5 19.9 3.5 24.4 22.3 10.5 23.4 10.6 5.3 23.3 21.6 8 0.6 18.5 2.4 20.5 4.1 29.9 22.1 15 11.6 5.7 6.7 11.2 13.6 18.7 22.1 23.6 28.9 30.3 33.9 38.9 40.9 44.3 45.8 46.9 52.5 56.6 58.5 62.4 66.1 70.2 71.3 74.9 78.7 83.6 87.9 93.6 96.1 97.6 101.4 104.5 106 110.2 116.1 117.7 120 124.7 126 130.1 134.3
int 40 299 107 152 155 142 167 117 210 263 182 248 110 52 84 45 290 285 273 188 75 77 48 119 207 54 111 172 66 246 32 242 138 7 63 253 262 102 189 265 90 6 10 15 19 20 22 25 28 29 34 37 38 42 45 50 53 57 58 63 66 71 75 80 82 85 86 90 94 99 103 108 113 115 120 123 126 127 129 131 135
double 40 26.3 21.9 14.2 6.3 7.8 18.4 15.8 10.2 13.5 20.4 10.4 23.5 8.8 17.1 20.9 22 17.5 29.4 25.8 29.9 3.7 29 17.7 10.3 4.1 28.6 25.1 7.5 23.9 11.7 5.2 14.1 12.5 21 14.8 24.1 24.5 18.2 9.3 2.9 3.2 7 8 10.7 13 16.1 18 21.6 22.8 24.8 28.9 32.5 34 37.4 42.7 45.2 47.2 51.7 54.5 59.5 64.7 67.3 73.2 76.7 81.8 84.7 88.9 92.3 97.3 98.5 100.7 105.6 109.4 113.4 118 122.2 124.8 125.8 130.4 134.8
double 40 19.7 26.8 15.8 27.6 18.8 0.4 28.1 24.7 22.4 27.7 27.9 3.4 14.5 16.4 24.3 20.1 28.4 1 12 17 29.7 21 2.7 25 18.5 0.2 7.7 17.8 24.2 7.3 24.8 2.8 19 29.8 9.8 10.3 15.4 7.2 22.6 6.9 6.5 8.9 12.4 17.4 20.7 23.7 28.5 32.6 38.2 43.4 44.9 46.7 52.3 58.1 61.7 62.8 68.7 74.3 78.6 81.9 84.2 90 92.8 97 102.9 107.9 110.2 113.9 118.6 122.6 124.3 127.3 130.2 135.3 138.9 141.3 142.7 146.8 151 156.6
double 41 5 16.3 2.4 15.4 20 14.2 3.5 21.2 8.5 11.8 14.4 13.9 18.3 6 6.3 5.6 20.9 24.1 1.4 21.5 25.5 24.4 16.4 3.7 7 2.6 28.4 27.9 4.1 21.6 3.2 1.8 20.7 26.7 20.8 18.4 21.3 12.8 4 1.9 4.3 5.5 9.6 12.2 14.3 15.7 21.5 26.2 31.6 34.9 39.2 45 47.1 49.4 52.9 58.7 63.4 68.6 70.6 76.2 79.7 83.8 86.2 88.2 93 94.9 100.5 105.1 109.6 114.1 116.9 119.1 121.9 127.3 129 133.5 136 138.2 140.6 144.5 147 149.4
double 42 2.2 26 28.5 19.5 0.6 2.5 29.9 28.2 24.6 25.1 3.7 12.2 5.2 24.2 10.4 18.5 12.8 15.1 14.8 27 25.3 3.4 20.8 9.8 26.1 3.5 29 18 0.3 20 29.8 2.7 21.7 26.7 8.7 17.5 23 7.5 26.3 19.9 22.3 1.9 4.1 9.2 12.3 13.4 17.4 21.4 27.1 31.9 33.5 37.1 41.4 46.1 47.4 48.6 50.8 53.6 56.2 60.2 65.4 70.4 72.5 73.9 75.1 77.4 81 82.8 83.8 89.6 91.8 95.7 98.9 100.9 106.7 111.9 115.9 120.1 121.8 126.1 130.8 133.1 135.2 139.4
double 42 24.7 6.9 5.9 28.4 8.6 13.9 26.7 2 27.4 0.6 1.7 5.1 0 9.3 23.4 17.5 12.2 4.1 0.9 17.8 5.4 19.2 13.1 11.5 19.1 25.9 28 22.8 23.1 3.7 4.8 8.7 9.4 3 18.8 18.7 19.8 5.3 22.9 11.4 1 3.3 0.2 3.3 7.1 10.6 15.7 21 26.6 27.8 33.2 37.1 38.7 42 43.5 45 50.2 55 57.7 61.6 63.8 67.6 70.4 73.2 78.8 81.2 86.7 91.6 93.9 98.8 104 107.5 108.5 110 115.7 121.5 124.1 127.3 131.9 133.7 135.4 136.8 138.1 141.2
double 42 16 12.1 6 11.4 27.5 19.7 18.4 17.3 20.3 28.1 7 15 12.3 6.9 10.6 4.5 3.8 0.9 27.8 22.6 8.4 9.4 1.1 10 9.1 18.6 18.2 12.7 4.6 25.4 5.6 12 23 0.6 13.6 25.8 21 29.3 13.9 26.6 5.5 0.5 8.5 10.7 12.3 15.7 20.9 24.5 29.4 32.5 35.9 40.5 42.1 44.9 48.7 53.9 58.6 60.3 66 70 72.6 75.5 78.7 81.2 82.7 87.8 93.4 95.5 98.2 99.6 104.9 109.1 113.5 114.9 118.1 120.4 121.5 125.4 128.3 134.2 138.2 142.5 144 148.3
double 42 9.1 13 7.4 2.4 19.8 3.2 0.9 5.1 22.2 28.6 18 5.3 24.9 24 13.3 10.7 28 5 16.7 16.3 2.7 29.1 6.1 27.6 26.5 0.1 6.8 24.8 17.4 6.6 19.2 17.7 2 3.4 22.4 29.2 25.2 1.2 6.9 29.8 7 22.6 4.4 7.8 12.1 17.4 23 24.7 30.2 35.7 39.8 45 48.3 52 55.8 58.9 62.2 65.8 68.8 73.2 77.9 80 84.7 86.5 92.3 94.9 97.3 99.5 102 104.1 108.7 114.1 116 117.4 121.1 123.5 126.9 130.6 136.2 138.4 140.3 142.5 147 150.6
double 43 24.1 3.3 22.7 10.1 13.5 12.1 7.5 15.4 25.1 25.4 8.8 24.3 26.2 4 9.9 9.2 0.7 16 25.2 28.1 7.4 8.3 23.7 18.7 13.9 6.7 3.7 22.4 26.7 29 8.7 17.9 6.5 27.5 18.4 15.3 0.4 27.9 22.2 21.6 7.6 18.8 26.4 0.8 4.4 7.4 8.6 12.2 15.6 19.1 20.4 24.6 28.7 32.3 37.9 41.8 42.8 47.7 53.1 57.7 62.9 67.6 71.9 75.8 81.4 86 91.6 97.4 98.4 104.1 107.2 110 115.4 121 122.1 127.6 132.9 136.1 141.5 145.7 151.6 153 154.9 158 163.2 167.9
