12 11995 770 13621 13544 2434 7494 4121 11995 11988 10329 3704 13617 12033
14 9951 11071 9610 9951 14930 6148 3035 1306 13556 8183 3620 10378 1154 6101 3607
18 661 14741 5252 2660 13198 4817 11258 6793 5194 5052 661 4062 10361 5190 3969 6324 13050 4119 12591
18 10885 812 7638 4357 10885 1711 10006 14979 14541 6867 1157 9472 14343 3671 3543 10236 676 1235 13316
26 5925 13024 7109 7207 5925 2824 6229 4264 12482 5958 11671 13950 5143 6729 10970 11231 868 7573 12977 5570 1763 377 10750 1343 2642 2576 973
26 11486 1862 12845 14114 11486 9749 8212 3708 8613 14087 14245 13539 10635 2788 11496 1170 13827 11920 3461 8578 9606 13144 10691 303 3673 7868 9888
28 6890 12103 8541 9131 13790 369 10250 13242 1685 7184 9607 13775 8814 8816 5485 3659 11669 2783 6890 4636 4718 4721 6989 10930 13370 1778 102 482 8644
28 8320 1102 6113 2928 11288 2322 3928 3897 10571 9360 5916 12929 4514 3724 14032 6206 12619 1007 13493 9369 4857 14122 3759 2108 7109 7722 6018 8320 5817
30 7388 8941 11833 3719 6336 2450 9583 6921 2559 9853 6713 7359 6115 8743 7388 11812 11675 8424 13469 7664 10347 11013 12562 6784 7459 11102 1667 1063 7909 440 8895
36 14783 2908 14982 14783 5289 5362 14755 10557 4870 10103 14134 10323 2972 4658 6980 10397 3250 1119 1362 12751 5018 9407 13511 11723 4968 6199 1696 6330 8540 14997 457 10391 14785 12297 8940 13424 12627
38 967 4382 10840 9545 6510 3867 14559 6563 1000 4264 10588 648 8425 199 12954 5672 532 13121 10693 5205 9855 13032 7070 8978 447 2114 11889 6643 11341 607 2344 1356 9294 967 14313 5808 7869 7078 13179
40 4770 8343 6989 12598 13338 1186 5388 10565 4770 2464 9826 9008 999 3996 12696 14677 1279 12177 3795 1020 11025 7768 12791 12730 509 4927 314 12451 4824 6913 23 7475 10669 14307 11988 1062 14145 5392 3973 14834 13753
42 12035 11378 1511 3041 3376 7979 12787 12035 13256 14664 6880 9321 5157 7993 13774 13866 2840 14332 6759 4202 1042 376 8049 6328 1458 4411 6037 4142 9018 9968 7610 1359 35 6168 13830 11171 10449 6669 14261 14910 2872 1987 10657
42 5125 6737 7590 11140 5696 8692 7704 2315 3458 473 10020 12742 7745 475 5125 2607 9666 13776 5132 22 9325 10884 267 13275 7481 7381 12460 3122 14988 5128 14781 10539 4776 12907 3053 8911 500 1986 7124 2931 11968 11009 8291
44 213 3237 1653 5996 10910 259 13607 13002 11732 4269 667 8618 964 6084 12267 12489 6524 12068 4819 220 8300 14215 8733 12730 6735 10612 14567 4354 1141 213 7579 3246 6966 6952 13765 14398 9145 6182 10953 12018 4038 6820 4240 11549 7332
46 5841 9960 12173 11598 7622 14410 11717 13234 9069 519 6381 8249 13026 14300 10184 8863 4482 14155 10999 11292 14915 1267 10074 4469 12034 3573 13239 114 3480 3372 2323 5841 10524 6471 11912 2751 11035 6043 8092 7671 1532 4776 8672 13877 2452 14042 6808
46 3198 7837 10945 7169 334 9988 7482 3319 1782 2601 12009 9129 2954 4452 10289 11540 3959 14337 9247 3130 6108 10553 857 11108 12629 11054 4394 4680 4129 1538 2266 10218 8396 11119 11278 4886 7777 9879 5468 14440 2856 5757 2499 6007 1965 3198 13409
46 10670 5525 13691 1816 8112 7276 3260 1393 2198 2009 7334 6315 14105 7080 22 4103 7721 8560 3805 1934 10338 10670 7828 10612 1183 13365 14845 785 859 5189 10196 14099 14111 6027 13213 8442 2166 13291 999 4403 13296 2517 4369 9565 9914 7864 8463
46 9205 2402 6475 2752 13865 10799 5392 12645 13572 8040 5104 2440 14089 8830 10508 232 13451 9772 4465 12515 1944 5185 6206 9142 3487 1395 13847 9205 12932 12014 14184 4156 11504 8487 14611 12169 11754 3559 11852 12068 456 10833 9647 910 3860 2862 4907
48 5571 11782 1046 14059 10326 7894 2013 5357 8767 4910 11029 2286 10582 12157 12977 8266 2011 8700 8795 703 1270 8178 14494 1984 3028 12817 4397 4725 5868 5571 2295 3076 4583 13273 5735 9434 1739 2605 2350 1018 1286 2966 11789 9056 7427 14582 2608 6377 9933
52 9709 10594 8990 9037 42 14369 9709 8726 12603 5090 7934 10074 9436 8716 12137 9560 1030 12699 5202 11946 14741 6005 1436 113 3284 3329 5795 4255 4665 14720 4568 14960 10676 4498 5030 2715 5446 12124 7562 11665 7367 6420 8836 5400 14838 10888 13907 7466 13731 10057 12686 8376 3033
52 1333 8933 3121 37 9681 11997 14156 1245 13459 10234 12674 12804 14904 4315 14249 6491 586 5429 4200 2445 3740 7987 14392 12548 10046 7068 8854 10479 14648 6113 11115 13958 10376 10554 9781 8078 7294 6343 1333 7628 9377 7041 9089 3729 1010 2000 593 2517 11274 6003 10500 14984 130
56 10630 8544 13336 8465 292 4960 8806 9582 9319 5967 14278 9483 1125 8187 2184 10630 1815 2227 2306 7225 12905 9376 10889 11941 10767 793 14669 1765 1410 2733 2815 9175 3272 9121 12337 3431 12619 13118 8191 6836 12543 5420 5673 5169 365 3008 7675 6191 1601 11400 685 9285 5648 14127 2391 957 5610
58 8812 1246 9683 1302 12953 5488 7529 1416 7999 6947 6832 4989 6379 13352 2054 5904 1440 13348 8051 8812 556 5685 13392 6672 10615 2028 11559 7192 9161 6248 2150 5205 9038 3928 14113 8018 11627 11759 10248 4670 2595 9807 14444 1749 13669 5381 14900 4748 6734 2959 14025 10112 4948 5965 6808 4494 5831 7933 6568
58 6615 13754 13103 3399 13768 11235 14700 10760 10719 12306 9246 7024 12004 11870 7237 57 9871 11014 12493 10798 6501 5822 6409 11990 1312 3669 1523 13461 2404 5488 7983 10668 8221 267 13356 803 6615 5986 11981 14369 10570 2428 4347 9627 6956 4665 6820 7892 10597 6864 7830 13826 14082 11968 8207 12621 11666 9853 10791
60 2694 9303 8107 7292 2694 6346 4640 6563 4420 14930 11669 14518 12131 427 12054 1876 1482 14877 3910 384 13081 11645 9076 6837 4456 5559 9565 13965 2074 2282 7546 12089 3955 10686 4504 4229 11693 4744 696 9128 5599 9249 5686 13929 4950 10075 2053 5921 5380 4672 7101 11043 14163 9872 8143 1924 3358 6982 14570 3355 12652
68 13820 1025 13054 7349 663 6829 12504 7743 5722 11521 2449 625 5567 8251 3045 1956 13820 2328 8859 910 9018 11301 4629 12127 11037 3461 14580 9370 5563 13871 13027 8871 9854 2144 13344 1904 13576 8720 9624 6766 11231 5236 11625 7689 736 13943 8252 5975 13736 2068 9136 5470 14162 5772 1243 1397 3204 14434 5275 7641 859 11419 5118 3029 14886 11742 8851 5963 5846
70 13427 4427 9665 4476 3453 12359 8519 6337 5841 921 12452 6893 10920 839 5690 14381 4758 2247 14909 13173 9972 466 4078 7054 13427 14962 14177 5471 10965 7162 11071 1793 9466 591 9974 11954 11850 13104 5058 222 1978 6216 13547 5256 8941 13095 14961 11538 12958 10601 10234 1700 7112 12077 7143 12573 7848 14065 9679 13331 10185 13503 3085 2254 11680 13237 2501 2482 14758 957 11520
72 10025 3000 1589 1934 13769 668 5026 12367 4671 11211 1341 13928 5127 1554 13676 11328 11044 11413 12194 11154 8044 12591 12416 12300 7133 2713 7403 2326 13808 2493 378 3479 11176 3287 14057 14758 9193 10107 2999 352 13422 10025 9246 13949 14698 8246 934 422 639 2047 9814 13804 11753 9520 12401 10874 11304 13751 2719 14346 3027 12226 11196 5344 7960 5874 10838 7373 11749 9205 9910 5712 6274
74 6742 11725 12132 122 11539 1774 10703 8280 10876 1442 6409 7082 12983 14035 4510 3423 11654 11730 8409 1233 9805 8444 8296 716 6571 11477 10381 12623 10278 13237 931 1529 7550 11321 11671 2333 14643 6573 4880 14043 434 3116 9279 11947 9467 102 6967 11226 14160 6595 7057 3568 597 5336 13936 11584 3834 4652 796 1971 9950 14290 10777 3888 6007 13340 1516 13728 11580 6210 12019 6742 985 4184 14792
76 14462 3663 3476 12305 4138 7291 6684 13352 8125 13181 8502 1851 6973 232 12241 12816 4523 2739 411 14333 5074 13045 3647 14462 1929 6871 8787 13599 5647 151 628 8765 13462 3414 12127 2047 3929 9420 1170 12304 10823 863 8354 1823 23 1822 4743 7072 4274 3138 3733 6507 2596 8094 4151 12281 13117 3095 5025 1278 4045 13049 6899 9033 4301 6021 4120 10703 3053 12470 12594 12456 2301 7385 6623 8981 4295
76 9528 8509 3973 4676 3624 2812 2077 14339 13183 4067 5139 4364 1208 6884 11746 7506 7447 2531 4495 10040 7973 14233 11914 5745 564 14605 6431 9528 2365 6050 2700 301 14208 8516 1805 310 9620 9036 11252 198 5083 13445 3506 2752 255 1396 6231 14752 7099 10349 7487 2104 13850 8335 12603 11748 7180 5606 8238 14082 4702 10923 2987 420 7808 3364 7835 5492 12030 1876 1525 12554 12345 11976 9011 8728 11139
78 12758 3918 1127 13502 2148 9751 11701 3531 5683 117 11548 12030 6412 3785 5616 3867 13204 2572 9791 11788 7351 3809 5976 9994 1006 4412 9742 13538 7037 10440 10680 5778 8742 3904 3880 13105 9254 12400 3178 5071 10153 13686 7598 1231 3120 4824 13003 8160 13429 5963 4031 8180 3666 13071 5531 124 1188 12507 1571 1022 7722 1372 12219 1097 4841 8327 5788 888 14932 4952 7623 11392 7866 10706 9745 10362 12196 12758 10466
80 8527 5625 10003 4177 13463 10843 11442 13114 6668 10516 14765 9445 13339 12429 14636 4454 9781 3583 10931 701 10086 9039 10801 2554 8738 3180 3613 13449 1687 740 9772 8640 9565 12089 12156 3931 4282 5330 6494 8148 5430 722 14579 3567 10905 5331 3878 13509 14157 12134 6433 145 5523 5601 10120 8527 6556 1171 5372 11286 1173 2836 5664 7883 512 4203 4707 1285 12857 7212 9402 8905 7599 10244 4850 9810 9972 3099 2812 5981 721
80 929 1711 5278 3274 14704 10804 114 11813 6539 11684 2451 49 4612 11506 3056 3386 4541 4525 218 3037 11745 8482 2911 10576 11317 10713 8315 8265 14494 12674 7781 3973 12814 12926 7970 8501 4687 3126 14268 11193 4274 10637 9199 3359 13006 4039 13180 2998 12769 9227 6256 6581 1679 11050 10371 12592 13576 9063 8691 57 7258 6407 10826 4911 1343 929 12388 7727 13789 13931 3677 13400 2652 1070 10527 11778 971 6271 3010 2978 1918
82 830 939 9177 7180 6557 864 1993 8598 11412 7764 3809 12057 9501 7894 6770 12627 481 5220 7581 13521 11225 5650 612 532 11904 1699 7290 4990 10647 13828 9387 12063 12738 12080 14126 82 7000 6853 6398 12740 11772 5626 8028 6420 9286 6244 12321 6502 13881 14366 13569 5140 5468 1243 9408 830 11177 9098 13857 5388 3688 6859 14789 14298 6120 11450 14825 11777 37 2676 9277 5429 7621 2498 14584 344 8805 2440 11287 14717 9228 4515 9141
82 14553 4010 6079 1708 3222 2953 5279 4379 1527 2100 7091 123 6463 5675 2319 4871 8059 14796 12051 1106 4037 6469 12617 683 1761 14553 12173 10042 783 8898 1209 12084 9408 14852 14750 7614 9559 9755 12640 7642 14211 5854 3341 12193 2926 9185 13853 14692 707 1731 3761 13599 7057 1744 6240 14741 6682 6575 13041 2647 6694 3671 5704 13777 173 12401 4456 8411 11267 12855 9691 12523 12312 14388 1072 372 5946 11775 7782 13826 7482 10270 14666
82 13990 12576 4875 4676 6388 2980 11712 3071 3098 7005 13327 6677 286 12311 9142 7788 4289 11175 8101 8498 7029 3923 11167 11292 12684 10040 11293 10376 4600 14161 11903 83 7278 5514 1855 2411 11784 4056 7578 2543 11734 11777 13990 430 14482 3993 7484 6802 11221 6409 12806 11560 9983 7170 268 13534 10123 2710 285 9801 10208 5989 9092 13499 14098 471 10409 11822 1731 8016 9499 13528 12150 4626 14188 9580 12971 6914 14790 7631 7139 4045 2095
86 5940 11314 5825 9493 7728 2508 10612 5939 7584 11895 1467 11465 165 1429 802 3282 4034 6074 1123 9689 14474 7113 13992 9628 7064 4385 5100 3210 884 495 11447 9127 10875 1767 7741 10685 13744 1739 7532 14598 10610 10136 7438 14061 7244 9903 12935 11175 2376 1557 4952 3126 2132 9268 14618 8798 5471 9491 10522 4720 833 2315 12738 5940 849 3342 4296 6013 8224 13580 6645 2322 4278 12002 6858 9368 10707 1920 3447 14393 1501 8303 4843 12695 1492 8757 4513
88 9770 10702 7068 908 6876 4035 9225 14828 1087 12096 94 5474 3940 8464 9103 1410 4987 3751 9398 11107 10202 324 10088 514 1836 2053 6279 9015 3802 254 12854 12645 9529 4396 8839 11242 1363 6482 1535 9487 14986 6735 11210 4718 9770 32 14362 13991 2340 11380 6746 2950 2336 21 10036 7984 14317 1887 4109 3768 4733 12118 12831 199 9587 6724 901 1875 4383 14692 12381 1033 260 159 13923 12722 8296 12348 12244 10636 4897 6525 1306 9799 7843 12169 14819 6104 11044
88 12311 5263 14167 10527 7159 428 1198 528 8220 6439 5288 756 9634 954 13233 3913 14734 9327 5087 11985 11234 6500 6179 1592 14364 4239 14625 1138 7462 13187 10627 7174 14067 2296 3587 734 11927 2649 3961 12763 1735 3888 6342 10227 6790 4209 8052 4027 2939 7400 14011 9992 9646 14833 7940 3268 4591 4618 10595 7623 12311 4185 13980 14582 11286 7332 9240 8840 8826 4124 7406 11867 2572 13185 8371 11184 4035 4190 1200 9462 12075 11166 4087 10844 8761 1276 14580 8179 1964
90 7278 11762 10430 6511 13275 7978 13792 10374 12236 10439 4418 557 5230 1062 5710 5394 4303 8821 5293 9247 3336 10589 2186 4507 5937 1333 6596 5663 10182 4139 7747 5124 9876 10733 8939 1199 5211 257 2157 7106 14965 11291 11069 4360 2401 13919 4532 9739 12936 11026 2309 7097 13150 4203 4049 11430 195 11165 5687 521 1098 10552 1494 6473 1345 8241 14127 11678 7967 3086 12964 429 7989 14169 14145 14228 7278 2645 8089 7838 7879 13093 8769 12947 9789 5442 11277 8110 4763 2803 5675
92 14100 2769 4241 8722 4189 14375 10788 797 9876 7103 12106 6693 3833 12226 2263 8760 8207 11510 1843 13063 3982 1394 1402 7126 5721 11661 12371 9409 13875 5253 10325 10993 12442 12757 8689 7690 6418 11700 12844 6753 2473 2236 6984 11206 9914 12231 1718 9263 4156 8077 6815 10958 7500 13992 14845 28 10916 978 7038 13254 5237 7704 11468 11419 2669 8360 504 2358 13409 554 1168 6115 11304 14100 8078 11009 13937 9615 2501 8417 4968 13640 12042 8228 1699 4474 1730 11597 11381 3378 10062 12657 11616
96 5373 12820 14126 11370 4418 6039 5948 5101 11345 14711 3517 11996 3266 14495 10076 6276 2443 13390 1109 6509 14106 2726 14129 3133 1827 14143 9342 6546 7890 4053 12135 8551 11038 5753 8302 6754 14025 9987 4405 10715 8752 873 4641 1634 3012 12893 3347 14754 10342 13791 2337 67 9735 5373 12550 2774 4199 11940 9134 14239 11334 6587 11007 4484 13197 6695 13320 10015 6147 12684 9104 2901 13902 13620 14276 130 10046 12142 11475 5936 8635 1037 13812 9387 3210 7703 901 13815 10162 10099 14849 10639 11185 7748 5307 10422 13432
100 7198 11649 13797 8204 6950 14247 7119 10946 982 13126 819 12482 4185 5757 10128 12626 10218 12341 12192 3400 7198 550 14340 10137 13499 9400 3043 12579 12683 6321 4770 8425 6218 12823 2339 8293 11538 10806 8130 6053 867 6705 10962 1910 12173 9314 224 2120 5254 14119 9103 9076 11802 714 3685 3332 12928 5513 13872 447 12436 1696 4054 13742 9539 14532 7338 10817 12609 12030 1636 3738 6021 2974 9756 11456 7956 9914 5926 3829 3700 11692 7936 14090 14005 6571 602 1472 9833 8134 9022 2154 11180 5975 1883 4133 13179 6639 7964 2527 10475
102 1607 10906 6775 71 3768 8271 8432 7443 5141 295 3856 7651 7495 2042 10774 13771 13442 2422 14985 710 7559 6262 10061 1607 13779 1739 13298 11013 1140 13644 14967 3150 3176 14013 5576 10848 8967 2997 7624 1677 10752 271 7832 1957 14358 162 8945 11361 109 8839 12741 14891 13540 5172 9496 2720 2685 9072 1316 11875 3591 10949 12848 14048 9367 8532 1807 8006 3645 672 6241 9386 1497 9815 14084 8573 8843 2803 5922 10302 7915 8826 11419 5926 14262 6374 1719 1755 8533 4721 7471 4232 4568 14318 9464 4968 2703 14921 6401 12837 6135 2480 4261
108 4354 12252 13055 1132 13059 4956 136 14521 8312 7626 1476 11440 3712 4924 2749 3011 14950 12307 11242 14371 12731 1329 1851 7577 13062 13173 2677 8624 14474 8572 10418 7599 8107 11570 4974 819 14095 4265 12276 1177 8618 4588 7747 10792 9075 2211 3375 7527 11383 9906 3943 10176 14257 4425 2872 8889 7563 14557 4709 218 5121 3664 6597 7812 14424 6112 12836 11803 7144 8182 3967 871 8811 11802 2206 2551 11311 11875 1474 13460 10888 11792 14258 2349 6485 6194 11492 10316 11966 9713 14852 6077 10874 10208 1992 14381 4960 1600 11729 9883 2738 4354 176 3724 12303 4878 5552 7794 4117
110 10102 12805 5832 8545 6380 8525 404 14242 10846 1944 1187 3464 6123 2608 2322 2035 12995 1535 6891 6668 13422 10954 3058 3371 5178 1060 13813 14293 6659 7330 7364 8093 5619 6210 8992 11899 3753 14172 5753 14798 10583 3803 13239 10180 2134 4809 9733 12769 11434 14823 9388 618 14156 4664 5292 4585 6237 368 9514 3187 280 4718 6062 13117 6309 14030 217 7892 6799 11965 9221 13305 13702 6841 7857 1158 7674 1635 635 12923 10902 756 1501 14067 3222 8286 13979 10618 605 3307 7485 7525 4825 8085 747 2236 943 1113 14144 10102 11435 9838 10766 9856 10924 10693 6474 1368 6999 494 14288
110 9795 13645 2341 10150 11657 13413 5022 12090 11386 918 8358 11662 12838 10025 4317 1236 10333 497 6096 11365 6084 2487 14747 2068 4912 7819 13924 4363 13691 1417 12505 12342 8948 4712 9943 7089 2796 6810 6520 8864 12994 1337 5913 12742 5186 7427 1993 6516 11948 4543 8629 380 13647 14311 2911 3581 9114 13288 2302 10680 11196 14721 7423 5556 4144 14225 8499 1558 2018 9795 11646 1172 11234 5342 13006 3584 8048 1769 1924 5451 9302 14422 2426 4355 10293 13329 746 13915 9191 3768 13383 8156 10412 9301 6317 1779 11329 7013 6372 4522 5559 172 14101 13815 11793 216 13855 14749 12231 13513 9665
120 7191 11518 9247 12766 2978 7851 4113 5417 7508 8193 1470 5619 5643 10334 8151 1698 4586 14798 6990 9122 14041 1324 4549 14309 6267 3621 14708 14523 4603 5801 5513 13260 1209 541 12167 1565 4047 9913 996 10262 4388 1105 14655 8244 11128 125 6493 10148 1942 10658 11156 14021 8259 4709 7583 14050 4201 9156 6247 4573 8044 10226 9374 11533 4674 14345 14920 5814 2904 11704 2279 2940 10030 8710 6706 13607 1907 4700 7033 9970 7191 920 8731 5906 3582 5933 13037 6939 4070 13097 5305 13331 10900 9630 3853 2958 3599 12049 8003 4136 14871 14061 8598 13893 1527 14699 10818 2345 1036 13570 8535 13840 10390 4514 4138 138 2711 12885 9047 7261 9010
120 4973 8283 1631 13096 1132 7985 6438 8300 6537 4197 14977 2190 327 6303 1366 12288 5548 3792 4246 3472 14826 11687 6590 14260 2244 10648 11266 5351 13488 10618 43 5538 11534 1584 4423 313 530 4407 14978 3920 3359 3527 12923 13310 8154 4095 13874 1507 10335 8172 4813 9213 9117 4973 10245 3398 6237 11241 5384 12902 12641 8940 7314 10726 13798 967 680 9583 2889 6830 14098 2424 13384 9484 9618 4947 192 180 8888 8042 3011 2398 10136 14668 1961 13210 13285 5376 9997 13959 11149 13247 6603 14952 7691 10665 4233 14 1943 3724 9630 3497 3157 2417 9762 8599 873 14390 12221 7365 11509 3329 14480 5987 13212 1293 10206 12703 13938 12784 5328
120 14123 4807 6110 9144 14668 10930 7444 4405 12926 5788 12064 1902 4561 2468 7527 6869 13908 11610 318 4082 10541 4790 1925 583 7111 4983 2090 3829 1548 10602 13017 4368 5299 1476 14412 5490 589 80 6138 4491 5378 7170 14482 13394 6774 11105 13971 12270 13934 12060 10159 14123 6918 2946 11225 5493 10288 14785 1338 8489 7641 3764 14475 7881 2461 14905 6704 7760 6370 5834 14860 6230 2965 4728 12110 3007 7369 8241 6593 11325 12198 5293 6956 10193 7535 2264 9188 4874 1096 13170 5266 10161 131 8768 14508 5267 3629 3927 12780 2892 9843 10177 12456 12142 11658 243 12257 4045 9684 7350 8821 2823 1507 2952 9816 8608 9489 4763 3663 9142 10076
124 6343 14718 3619 3848 12904 6298 12973 5670 4798 13273 10247 1919 14568 12784 10129 14904 13131 8001 2989 3475 14313 6396 497 2664 14208 14231 10518 2056 12565 9248 2818 9820 5572 5648 12524 13421 2280 11348 2096 9554 2719 8739 10304 1970 4834 8151 11601 2296 12526 8281 13038 11700 4121 215 4029 8169 9000 14332 4595 2365 1434 3234 5282 3991 8248 7241 11452 9679 9538 6542 5994 2539 1074 11170 84 6590 542 9573 6695 7297 10938 13837 7293 4588 1375 12166 3441 4140 2540 12011 12752 7972 6311 11222 1883 10017 12903 10290 2862 6714 13780 9399 9534 6751 11487 5093 3182 13105 4374 1147 1929 218 3434 969 1363 3021 4103 6502 4920 6343 11879 7933 1075 13040 2373
124 11435 3355 14104 11827 14806 915 4376 7098 13054 181 3220 9755 7059 5373 2748 12369 12995 1098 2639 9969 10111 2404 11557 3596 7006 5290 12550 3219 9120 3089 12845 5489 13539 13257 1306 7451 14471 12246 5820 9486 5071 4755 4679 4893 1452 1308 10173 1571 6390 2058 9298 11458 10415 14538 7815 12562 6802 10588 2149 1260 1521 7314 10728 568 2910 10935 13812 13871 8323 9539 2532 7848 9518 5494 13509 4118 12932 14593 10562 8246 4316 10266 13969 6939 7129 7668 2584 13512 154 7831 2314 3683 3684 11435 13944 1334 11872 6876 3028 2488 14554 8378 1979 12243 3773 3449 10694 14364 14448 13094 451 13973 10689 14028 8245 9944 1023 9345 14841 11301 11745 1475 9080 9774 6737
128 10573 9969 2886 14894 1389 4394 6013 14106 3247 818 331 8403 9130 3229 11144 2845 13664 6076 30 10209 3253 12218 1590 5898 4 904 6061 2 13047 3546 3383 10903 7045 5454 5687 2226 2131 691 2938 14779 8717 5934 13432 1148 4579 5518 6730 1883 8483 14301 4069 9773 2717 5103 9043 2334 5270 14977 11190 6424 7259 4925 14946 14081 12521 2715 8667 7541 5451 1091 4495 13275 13245 10679 9904 7010 14028 5256 7960 11913 9050 1723 14583 10819 10734 5857 9335 10597 10573 7459 1491 7972 3466 4351 13360 3166 13659 11104 6986 10944 4195 11243 2758 6512 8779 5317 1671 2442 3248 12200 11282 8820 3460 2487 6638 4750 13887 6755 2262 14972 875 4029 11942 3913 13278 7484 7858 13407 10444
132 14003 8133 5475 8158 9155 13037 11868 3782 12467 8628 13444 9741 6595 14332 902 6219 8069 7056 3648 176 5083 12160 9411 8191 10293 8759 5913 13138 5590 6391 9321 12240 14802 1054 8593 3944 926 8559 1226 14920 14032 7032 1900 8029 12839 6981 5305 806 14235 10871 5900 8846 12170 3076 4210 1060 153 8162 14033 12234 7360 8746 10210 9889 9299 14003 4193 13738 6013 11055 11257 13965 11460 6773 7806 10513 7283 6056 10587 4867 5370 11802 14360 2695 14269 9226 6271 3574 949 13767 6953 9165 14290 14281 6763 146 5257 636 12510 7450 5431 13390 4792 2851 11849 8478 1389 10794 7357 14270 6943 12563 2888 6656 13317 9153 3424 7865 13533 10427 13543 13026 10599 13504 3427 7924 4988 13484 5751 11171 6259 1197 12484
134 12439 9897 77 10138 11819 2468 2689 13161 6362 1153 11099 699 8449 9788 2572 9132 13177 4665 12931 5525 7826 5260 726 11669 13865 759 5686 377 3682 14882 5472 7545 6725 3725 12547 3472 9054 7218 12533 1760 4184 11746 5210 30 9537 9574 6560 4306 1639 6480 7778 7281 10709 7736 2662 5320 10602 14678 2412 14102 6859 4583 12241 221 8570 12269 5088 11341 9016 8789 10481 5829 3652 10174 14379 7827 5773 444 10034 10874 7605 5315 13492 9195 10928 7487 5286 8024 9372 7210 13063 6236 10188 9008 2666 11649 106 6844 6281 7743 9208 1150 576 12544 436 9425 5217 12332 12439 11145 605 4854 8088 4322 4308 11933 3295 6794 9884 14614 7219 14574 4522 2765 12264 2499 7138 10699 2939 562 2111 2289 9354 8308 4875
134 3771 1032 5115 2082 9861 12585 1937 4188 2840 6901 6457 1458 204 11543 10151 5729 4508 10097 804 4798 2518 5558 432 6070 4726 6213 3170 9421 5528 6670 11366 13080 9835 6023 13052 4905 13937 6436 10453 3220 8553 14776 8538 13135 12944 10203 4271 13928 7529 7620 5815 12685 13472 8363 1012 5714 4260 8698 10124 2090 12639 14218 4568 9368 1973 14083 12345 9969 14391 8223 7821 6356 14560 2418 11845 2538 4492 3886 14739 11675 10268 1514 14287 85 3637 10141 11306 14562 606 781 7962 10220 165 10936 10790 9176 1948 5994 6086 5782 14532 11179 13433 13404 7742 3693 6445 3771 8845 14991 6861 6042 5344 4040 3221 5881 11941 9370 10677 13871 308 3149 1116 6058 7087 10144 6561 1512 13419 7446 6716 4352 3588 3479 6954
136 9173 14269 244 1401 1696 14554 3550 8796 10729 12776 13118 13115 14120 10537 10222 12167 12702 4394 12007 258 3134 8418 2016 3711 4233 13405 10730 4888 5005 11766 1698 9644 11488 4150 8608 14942 9396 2211 1843 3385 14560 147 942 9785 9173 2283 10594 12419 6948 9421 4915 12935 6328 10826 6296 13255 2164 9434 804 10813 9866 5880 5802 8980 10109 5427 610 711 11225 11177 4012 1241 10665 10998 6695 12863 6257 5174 637 2939 9631 13143 3460 8136 6851 4845 946 441 7404 8039 12033 132 14211 162 12092 12485 479 1425 7719 12720 13475 4828 7796 9164 7751 13586 11069 2344 9218 5551 2129 9793 6502 12529 12661 14691 3142 6774 10309 13327 7814 10362 14555 8129 11573 7846 4304 103 10696 791 43 3741 14809 11702 7557 13791 2059
138 1385 8876 13451 11327 13607 3352 14713 3042 9841 9445 5150 14509 1690 2954 3817 812 14125 11248 12074 5617 13620 11441 11065 3944 8022 9168 11348 9560 5513 12933 9891 1248 5106 5490 5248 4524 920 5260 380 2046 11436 6388 5164 14414 14416 14692 9674 3252 4319 8153 5863 5869 6568 4841 349 10025 1760 12079 5476 9176 10081 6890 1385 12306 5781 6885 1621 646 8800 2132 11174 8142 13567 9771 9813 14845 7970 1035 2130 14738 14178 14232 7481 1863 8864 10581 7063 6729 3168 6194 907 13828 12994 4501 9148 7812 10896 1122 10841 3854 11680 4880 12764 13319 14153 5309 11339 9831 10537 5657 5463 480 11034 12515 7567 10280 698 7700 7231 12604 12262 11501 7628 3273 8772 6461 13012 3927 252 7817 12704 13796 14951 4351 7906 1441 2486 3419 13542
140 6972 2976 10535 9249 1475 1483 3435 3752 12896 11178 6316 6741 14261 4477 12964 13716 7420 5344 2310 8253 6502 7431 14911 6874 11294 1914 10127 6429 7992 7999 3827 3153 3454 6823 9571 3993 10685 13312 12172 1927 5149 11380 5169 12476 247 10022 14629 11692 9097 9936 12302 13685 6728 13676 10090 13749 2230 3424 4075 4205 8450 4223 3996 3771 6972 8749 8624 4498 5198 2198 7522 501 10852 7627 4257 14539 11457 592 12316 1771 1654 4118 3673 1183 11418 12224 5279 13505 8007 4304 735 1685 3148 7051 1834 5068 12017 14468 13002 14937 4979 12609 3308 11734 4297 13623 5071 8765 172 11596 4420 10762 7499 4643 6778 14590 14637 12798 10372 12916 4052 6127 470 3988 6827 9753 2473 10253 4878 12368 12462 307 10883 14970 4549 9309 10036 13738 9975 9582 1000
140 8846 4648 5723 9982 12433 5814 12917 3234 11486 14741 414 1325 9231 9862 8461 12812 4815 6670 11047 2373 7029 9156 9769 10152 1850 2707 11777 13712 1192 12982 345 6186 11279 6261 1637 12253 11521 6697 7862 6037 8594 11359 9189 13028 7145 8846 9674 11430 14992 3901 9350 13970 1333 14182 1430 12858 2752 3024 13906 12280 3396 13322 818 14517 4856 1579 14200 7524 7469 10497 13805 7774 3907 8730 14049 14492 10957 7440 3206 8508 264 9230 4855 6844 1952 8213 5209 10518 2576 14561 14563 14041 3067 1151 9568 11077 13767 13731 6595 6180 2418 1234 9450 5232 1500 8869 947 11311 5845 9544 4044 3390 6501 4961 10287 13642 4764 12739 13016 311 275 8871 2304 2251 12265 6339 7054 4425 3667 5467 4543 6778 8769 6422 14309 13944 7234 9583 2710 487 4257
142 2223 2155 11065 2488 4086 6948 8956 12781 4760 14322 6010 12095 8801 10485 5093 2223 9273 11682 7778 1785 4020 11470 12434 12257 8593 3154 4693 3460 7953 487 6062 845 9048 7489 5466 9620 1692 11251 14404 3195 9391 8945 184 517 11959 9865 11551 3965 13173 11710 10709 14673 3596 8298 14104 12884 13652 12308 2732 6174 3423 2506 13084 1002 9185 12845 12318 10390 5758 9876 14223 11492 12630 3302 11603 1257 1522 1891 9624 318 14700 6143 1907 5475 2351 8162 8959 6946 2750 9303 7464 8391 14597 13908 6611 11712 2366 7990 2639 1231 5693 13594 8648 5301 13710 13154 5773 11963 14282 654 8480 4583 1615 14543 4281 534 10799 9065 6707 10510 3967 2583 3784 11285 8168 13707 3648 679 6607 4869 7628 2158 14210 13642 9384 3771 2764 7702 10364 13806 9478 6372 5797
144 319 3500 13784 4691 4028 4211 2961 11851 3736 5745 9934 10839 2183 524 14921 7727 12315 11172 8909 4940 6828 9025 8224 1104 1759 4238 14724 494 8096 1522 1402 2295 1850 3931 9495 2862 13999 2197 8652 3832 9269 11841 964 4801 3253 12940 3201 1186 157 1148 4053 11442 10964 7817 8665 10288 10764 8457 7520 12825 6681 5886 1070 14346 4712 7774 13553 8370 7017 1666 14829 1419 5940 2622 5138 1250 3784 12525 13556 6174 12947 10893 13100 12668 12410 12369 3299 4255 9030 2656 822 8251 6640 2962 480 9 9301 13103 8162 6166 7857 8648 5358 3777 10401 5537 2939 319 3734 14176 14485 10204 11500 7960 9521 12917 11785 12151 8831 8109 316 14781 10144 8672 107 13117 11189 12445 1633 8924 4760 64 7850 2334 3476 2708 9544 2449 12347 13178 1507 3407 4776 3078 11049
144 13190 13260 3202 1642 2316 12523 13754 3345 12434 2127 7765 13083 11538 1451 3497 7887 2566 8399 547 11013 6518 11883 7934 14035 5500 4396 13714 574 2342 8568 11235 13262 859 11384 14795 11177 11248 9045 9063 12801 575 1321 13885 12505 3087 2867 5007 13055 13888 5315 7578 14895 9382 8912 8604 8460 6005 714 1934 11381 14398 6197 4952 4683 2471 8566 1831 12857 14818 9256 3687 12119 13920 7458 4188 1138 4703 4254 14535 13690 2313 11627 6158 14082 8818 12726 14423 104 2366 2090 8029 7318 2466 5508 13470 7737 13619 11671 7904 4337 8973 8071 1664 9106 10057 1583 14023 3305 7848 13526 7164 3319 11247 11506 12393 12935 2302 128 9971 13075 13350 13739 7095 594 8183 9872 4666 3320 1846 7262 11780 4348 8304 11971 6203 3366 14278 13190 14038 5034 13608 6511 9464 5094 788
146 4137 2455 7784 6973 5237 4696 5706 2006 952 12409 4567 9239 13878 14065 6688 1300 2278 2933 14431 4045 14943 2819 14950 6791 5124 3708 2483 1316 6958 14325 11145 7212 9216 5146 7142 1156 10035 968 2222 14854 9780 2904 1765 934 5226 1602 2648 5524 2089 2872 3816 1432 14032 4719 1063 9585 7933 4561 11503 1051 5267 11069 912 5165 14518 4137 2886 9965 12941 8611 6567 3361 14428 10309 4439 4300 10172 13936 4075 1708 4288 7064 2003 9841 6919 5967 13800 14559 14640 3298 10504 8156 11901 2197 5071 8735 4776 7038 898 2208 4527 5511 309 9370 3655 12802 6867 2153 14151 11688 11569 12915 1371 8514 11398 10737 13193 8172 3603 9425 570 13937 11873 14477 5373 4481 3565 8023 6622 8389 6643 3890 4158 217 2597 9706 4831 13788 9817 704 7145 10980 3693 2409 700 3725 14880
148 747 9943 12350 3375 5858 10893 7883 1325 10181 14301 8990 11248 619 4438 3766 6921 7217 3103 1924 14692 7944 3279 14311 8031 12205 13598 8877 8998 13512 3564 7696 2624 1969 7655 6028 11595 14533 3759 14519 12037 10173 100 5369 2403 14961 124 12050 2247 14267 6544 6058 5998 10303 11352 9465 6595 10767 6070 10040 12614 451 14377 13141 1747 2586 4973 12403 13078 10667 7851 747 12704 3588 3526 2697 11110 9198 13399 9910 13529 5256 9183 6561 11605 1154 13301 2227 10989 5657 745 10113 7824 4182 5181 7783 571 1585 8586 12160 1114 12844 1463 9732 9120 3458 6270 12703 763 4644 6038 14844 4289 5633 12813 9258 226 12857 1340 14761 12026 4053 10264 7585 7093 95 8216 4 5219 9861 2902 81 4971 14958 5955 2973 14912 14906 6597 13840 13741 13443 10361 9590 11913 13457 3728 5220 3956 7992
148 9991 1955 5325 4187 8356 275 10956 1274 985 9650 3666 14062 8080 2 4145 13920 3176 931 1185 13697 9958 14289 7203 6393 12227 11955 5546 1282 3827 1616 2031 8339 9635 12751 14663 9991 1257 4067 2823 2777 13120 11373 5749 619 2692 7696 3193 9807 11588 6086 178 7008 5581 3669 3634 14659 13442 10069 14439 4266 10976 14027 3338 13918 6800 12518 12100 11011 1450 8518 1811 10696 10063 3001 1054 1764 13300 3617 6789 5133 12242 4609 4472 5834 3109 2488 3204 5095 1679 9995 2605 6564 2920 3994 11012 4868 1984 2460 8039 5473 9945 10916 3276 4531 7336 1175 3715 12746 10075 7104 12279 11030 2732 324 11969 12371 605 1901 3784 1465 11537 4363 709 8602 3637 12503 1906 10757 1663 12690 11558 1403 14675 7558 4026 6652 11584 13137 4689 3357 4093 8865 13143 12763 13262 8961 10876 12770 6657
150 13954 1958 4672 13926 11661 2413 13706 84 3285 5550 1787 4614 5707 1169 7520 5778 1212 10121 5091 1843 5761 2497 9716 14266 13080 6573 11732 7934 1056 5726 5673 2812 7552 2997 11072 13954 12909 9923 4670 3796 6170 12151 13241 10959 12050 14791 4701 4490 5552 6744 11678 2676 8490 14890 3344 7437 237 6353 3794 14426 2617 4551 9760 14982 14775 10488 14703 1223 9942 554 4867 13518 7345 14360 2300 7940 1410 14218 6391 1935 1959 7380 5319 1231 5402 10724 13770 3724 9205 6039 11655 10595 3947 2968 9959 14821 6799 3957 3816 11664 8905 4173 9886 6843 9673 10273 7297 6980 3733 2075 1030 12327 12648 13079 5595 465 11611 10628 5637 5874 6339 6633 11361 11039 2543 7059 12622 1810 14927 14847 2010 7207 8475 7604 9783 11873 13485 7698 6923 9245 13310 5636 1928 8214 13667 12605 4023 13076 9860 8382 14892
152 7499 10083 11963 3538 1407 7535 7989 6930 14847 6461 1797 5957 2492 10390 12523 14132 14731 7352 3792 14394 3849 1141 5695 5825 10703 2029 11901 7658 3220 1829 14025 6108 11036 3646 4218 1523 6320 4123 1987 8967 13033 6189 3048 10752 14677 5618 1504 9785 8981 3426 3902 12895 10655 915 5417 1010 5088 14088 60 4644 8597 6906 3320 8839 14936 7154 2670 727 8893 13225 4 7466 8134 11582 11164 1537 14821 1318 12215 4392 7894 14762 13877 5641 13647 7516 8306 5510 2363 3441 11672 4631 12274 6128 12705 14920 3186 5116 11746 2790 5610 11700 12256 1334 11073 13649 8652 12109 3558 13271 10102 14882 12532 6252 259 13384 3970 13301 12209 7170 7234 6414 830 7499 12755 5082 14439 1932 14036 12496 1339 5303 409 5077 12818 6020 1214 773 12568 5642 11689 1378 8565 10070 9804 2598 12605 7778 2976 7842 2872 381 4223
152 12922 13804 10111 686 5591 7210 14832 2552 12922 4334 5959 10542 11724 6085 5063 11356 3221 5681 1519 12541 852 4221 2882 9156 9247 712 5061 10239 4117 859 9230 4353 10453 11535 1829 7139 8245 8104 8137 6687 2094 7542 13871 2605 11438 6357 4131 10763 2675 6720 6467 10138 188 13997 7733 2897 11374 10605 10991 5478 3550 7499 13895 8538 3388 9078 1461 11894 7888 13053 6926 2984 2724 1400 1122 4959 2970 10767 14731 1654 1294 11249 8958 4776 10009 1545 2119 14924 8351 10133 9189 6970 5737 14577 12625 868 7296 3533 8231 8479 1951 11007 3088 1952 9925 2046 2404 14059 2024 11878 8434 8593 2752 2232 14934 6914 12454 5677 7920 14540 7488 12821 8989 8679 56 2062 3543 9587 10409 4645 7152 4726 352 8381 6764 11841 8373 7650 14915 7892 1861 6678 5840 469 13136 7302 13095 14045 14512 643 6184 5400 3277
154 4164 13212 14670 7264 6947 9300 13792 14485 6409 14436 12297 13339 9691 1973 4187 2335 3852 10683 12337 2194 7274 5513 14850 5800 10713 9941 8224 1720 6309 3542 9522 6193 7905 6045 8702 6331 2012 5189 6350 14604 3760 1810 11275 9736 13169 7545 5148 2031 2389 7803 14536 14170 6333 3222 4691 9184 8223 12006 7737 3411 4164 7838 6260 1462 4034 96 8043 1756 2647 11011 155 247 10098 6539 6135 4753 5061 9077 6604 12224 4764 8880 11678 3759 1167 12073 11795 5710 11736 3712 6058 1767 5297 2882 5571 3781 10788 1977 3363 4668 10249 7820 14628 8794 8762 9459 1444 5579 14101 11714 1166 13486 14121 8627 6989 2570 12383 14917 8270 9287 7391 3738 9651 5816 11405 949 7132 3462 7150 12757 14190 3332 10815 9369 2078 1976 14712 891 13178 3807 4283 3857 10964 5316 1995 6846 5875 2167 14576 14035 8333 1135 13057 13254 6563
154 2854 5636 6289 7548 5820 508 946 10740 5864 12943 14678 13513 13978 7253 3446 7759 11825 6983 1348 13920 9712 4294 4222 7556 2914 2815 4858 2868 11267 5940 12305 2462 13525 11712 11991 13882 13696 2274 9483 1773 14821 1854 12414 3828 11096 2877 12049 14515 3425 12724 5569 3949 4305 6727 5056 13502 14211 1589 177 1343 12471 2789 2854 13225 11303 4551 14496 5515 3536 11833 4814 2200 8272 4409 4000 8904 3220 9829 10703 945 4613 1239 6470 864 1180 9933 4845 12066 2346 3236 3695 9179 1321 6652 5854 4499 2984 3066 9494 1129 8674 4220 1041 12768 3114 3653 13032 9430 7767 3039 7346 6905 12721 14690 1782 1847 13030 11313 3303 13072 10522 412 12632 8984 3363 1052 6834 5784 6528 5082 10292 9805 6258 13499 8585 14108 12824 6701 6015 3413 114 1058 4086 5237 12874 6758 13567 14772 5054 8290 6225 14708 8399 2725 11999
156 4688 3823 10821 687 10180 10513 3684 9252 341 9863 8835 295 13551 2184 12623 1976 2816 3712 13493 9006 13671 5373 3142 9897 8812 7688 13388 1285 2337 3141 10577 3378 3060 8990 6712 13982 2129 4688 11216 589 10379 13456 10063 13823 8767 14091 3403 3316 6706 2357 1148 948 10389 7910 294 1459 1907 2755 5797 14256 3936 4520 4400 1781 3605 12709 11990 4148 591 6458 8319 905 10851 6164 3860 1515 4193 2870 8345 12358 3910 4354 2318 33 14188 12152 6273 11853 12472 11871 9549 4542 3392 14951 3370 12265 12783 5198 6866 8513 2364 13287 3324 8490 7495 4227 2987 1801 12786 9127 9075 12451 9043 7836 6981 4239 4460 3903 14760 11477 987 400 5694 6448 6742 14571 4379 6825 9141 5871 6910 3556 7378 9541 13573 7673 11396 5689 8659 8627 1056 885 8125 9483 10842 14138 12200 12252 13658 2535 13599 11220 5627 7887 8527 2891 2414
156 11294 3899 9052 11943 601 104 11294 1745 8247 7708 8620 3518 7103 2321 20 4806 4425 6579 12343 9426 11651 296 5001 6553 4820 4050 5378 5710 1994 2991 3117 13846 3478 11283 7209 1616 9723 11680 7912 5752 4031 739 10762 7848 4791 7749 9067 4855 11098 9558 8017 2907 8597 5032 12279 12281 2260 9959 8136 9560 11117 2251 9491 9427 8479 12040 6643 12680 11156 4442 8818 5533 8284 3227 4871 7703 2992 5852 9673 10031 1353 389 3237 2731 10828 3171 13889 12424 8819 5691 11095 5274 8041 1108 7511 6447 7950 7979 12268 5630 1650 2454 11025 315 7145 4893 2007 2355 5610 9913 2678 2948 11577 6203 14187 4169 3651 9290 14781 6501 7793 10250 12301 14792 4407 1097 4064 10117 11757 11897 6488 13330 12277 5152 8130 10494 5442 8541 14921 3742 13135 2714 6096 1292 14578 1914 742 659 2281 6961 2288 6604 2041 4879 10916 14215 11620
156 12351 536 7924 1941 7760 1372 875 8044 1693 4937 12454 7997 3460 14617 13338 12245 5503 12378 5969 11016 10033 14722 2109 9882 6019 7451 3700 9189 11796 5028 4900 10277 10629 12843 10455 5359 6906 11776 4532 1261 3772 1272 10820 936 3075 12670 1901 12502 3599 3513 13774 14634 554 3508 10043 13295 14791 6669 12351 14821 3173 7542 2981 3253 11063 1411 10063 139 13662 14478 10035 13898 929 12193 14813 7802 12829 7947 5987 3530 2264 2786 2086 9139 13216 12589 7248 14345 12912 13755 10143 11566 11014 14323 4593 14175 8466 13562 6512 12495 12831 13037 10061 2102 10592 648 5286 14446 534 7287 9846 12507 8492 10179 2986 9458 9768 10195 3325 899 3641 11011 5327 11021 6366 7101 652 5481 3265 9675 10780 3850 9842 7360 13058 13582 8129 4116 4685 6131 3823 3057 3709 8726 3137 6036 6174 10979 518 7575 2361 6995 2489 7212 12662 7561 3054
166 6161 717 1705 10911 12401 11117 8593 5019 1444 2129 9106 727 1922 1999 1899 12820 1031 10220 4132 3481 4644 14495 5324 3611 5620 10822 6161 12146 11591 9460 1620 5963 3464 5187 13720 1346 11464 12841 2071 157 5403 12745 3519 13021 8457 2814 8034 12263 8343 2752 8166 3888 12068 1631 14422 11122 8505 8500 7489 10969 5293 13217 12039 5375 13647 10586 7142 6493 5179 10321 499 6249 1662 710 13138 7946 12895 1204 3545 6385 5704 12407 6717 3480 10835 11642 5574 845 9805 12264 11346 8215 8973 428 1637 492 8338 8514 9284 1515 3811 2182 154 9036 12224 14734 8406 10940 4344 6362 13558 6260 6280 2224 3761 11896 471 4648 14105 444 760 10110 4660 3079 7039 5670 12494 13154 3258 11807 11038 10608 7971 12302 14243 8424 12675 14110 2109 12663 12742 14420 6045 10349 11344 6239 13264 6564 13596 6840 12370 8760 8404 12626 7529 465 9560 3795 544 4815 5029 264 1726 9333 716 14298 10488
166 8149 11859 14296 10883 2189 12487 10764 12344 12220 2668 12928 47 3440 10861 8149 12912 5472 2134 10816 5121 6725 3175 10399 11793 7716 10826 10666 14510 9185 4331 10705 7272 3086 14908 5836 11806 13157 3926 13932 9624 9080 6909 1436 2369 13448 5396 2772 1671 5731 5748 8145 12383 12138 13673 11234 10375 5772 12501 117 6034 10848 4507 2985 8749 4338 2610 4448 14748 7828 4125 11616 14490 492 1926 7365 13244 9033 4256 4880 11188 546 2592 13819 11217 12880 14807 14986 14095 2085 5415 9451 367 12367 13935 12753 518 13951 8262 7484 10473 12133 8674 1009 5779 5024 14021 8347 10282 14398 6575 14820 9413 13910 4310 10005 3797 7134 9418 10376 13820 59 8225 1616 13894 6405 744 9043 5292 14482 11075 4181 12498 11845 733 4187 14822 5966 5450 9769 12618 2084 4078 2065 8282 3245 780 12517 10483 754 7469 2876 7302 238 12904 133 8119 10516 10659 528 3438 13628 4485 7736 281 1843 1972 14992
166 195 6926 1200 439 3617 12033 8979 13075 1763 12031 4406 3632 9442 4233 9579 9606 8681 12473 12243 2951 10753 6816 14840 699 7969 2789 8685 13307 11710 11065 12690 13099 5486 4924 3422 5791 14779 3886 4048 4684 5383 1326 9027 1332 7683 4188 11093 8538 14144 9375 237 7734 6214 14693 5261 14193 4335 5659 11891 13916 6094 8675 11678 12366 7754 10503 9874 693 14391 10634 10553 9066 10812 7551 5319 9543 1736 14996 1758 11615 8239 5873 8968 1671 9490 6695 6492 1921 6230 5187 4122 11634 4420 2054 9832 4641 9016 404 9241 13513 14554 9624 9108 1620 3705 2065 13152 10871 7441 9361 1037 13414 12278 7749 13335 5891 10964 7742 889 6380 9349 2918 2404 1840 6404 153 11271 12322 8554 33 8817 1159 6506 6811 4286 10330 11923 13847 12460 10409 12781 13371 22 3378 13938 5090 14469 12323 8634 2380 7624 7368 5703 4462 12427 5194 3473 14716 9298 6722 8354 2886 195 5952 13114 1955 4110
168 1343 9114 1104 3923 6860 14627 4245 1715 1261 1671 2871 2580 14990 3127 8890 1226 6201 4213 5138 11446 11664 13615 3482 2951 10297 566 10055 7539 4940 6923 9830 4822 10916 4012 1693 13620 8006 6095 1934 9239 9779 7379 12494 4220 7314 7066 9698 5201 11908 14469 1285 6318 6522 8612 209 4613 6564 11042 13730 14601 13549 6827 10532 8238 9740 5153 3844 5511 12516 9492 14819 4949 3694 10078 2311 8388 9392 7194 12238 3078 14198 2802 4870 7856 1603 13677 2408 8317 5580 4406 4538 10716 13570 5691 12645 14847 12764 5733 13326 2610 7160 13797 7978 13030 2115 12050 6209 14253 4145 12708 9591 6484 12242 14534 10318 3523 13453 1072 2505 10859 1119 12002 5032 6071 2835 1343 7741 4232 5905 8810 10955 10871 13285 2538 9398 4008 14705 1477 14951 4526 7411 11204 5482 3986 1510 3883 2561 10411 333 12821 4656 6629 13759 9021 14525 5094 6094 3810 3180 7233 6636 2936 5687 10203 8843 6681 12065 9387 13408
168 413 11864 1761 3982 4865 9897 144 6343 14910 8844 9856 12531 12504 3091 8816 8770 10210 11825 12264 4524 541 9665 14582 9996 6692 1132 12618 413 5 3253 398 13786 4272 10285 8374 4430 8571 8380 2918 2222 13824 3808 11950 7348 2160 5365 3605 13660 758 2789 5159 14656 2120 9013 10879 8353 1962 9641 5869 7686 8750 13983 13067 10228 7827 12228 12885 13984 2025 849 13407 11032 9158 4694 9484 11217 13614 5894 3061 877 11934 10317 10098 5264 6745 9782 13736 11495 5493 13017 4771 9805 9216 3738 14436 11352 5808 7735 10765 9939 14377 9544 2060 14050 14715 151 12470 8162 2794 11013 4052 8289 10056 5271 4808 12613 6113 7836 12386 1580 4957 13257 7017 4432 11150 11414 8156 13623 992 147 14542 13088 9622 13210 9473 7776 624 14333 6741 5731 10539 9113 4153 10894 11961 6521 3920 2936 8314 6457 2448 12591 5116 12113 7900 4160 6978 3178 1610 14465 4141 14222 5677 707 3227 2064 9955 9509 8530
174 8391 2631 8217 571 9218 6401 8655 5642 12412 12032 10110 4921 12660 1118 4920 8161 813 10121 7127 7513 2474 8351 5192 2937 7727 5939 8382 13570 7987 14570 12726 13676 10299 12277 8391 11435 12216 2033 6725 10064 12542 4459 7084 8298 3297 13226 4003 10394 3583 8927 10798 6347 7194 11720 8604 13297 9037 13635 11662 4010 10063 6972 6753 5598 5808 30 5406 1305 8578 5608 9250 13765 11606 14379 11839 12583 508 12876 1348 12421 10767 944 9659 14070 2356 12548 11586 10340 5516 6313 10449 8442 960 5970 12007 8962 638 342 5480 10111 7455 10667 125 3189 13905 7397 8605 2763 4577 7587 8393 4442 7407 9539 7253 2878 3764 13919 7716 7877 9211 14548 11886 11920 4449 7098 9765 8694 11209 5167 14211 4950 13480 7197 6692 10004 12470 7908 14488 13507 14932 1589 1032 2468 2402 5284 5474 2744 10471 1579 9644 12762 13807 1396 12718 3740 8285 8835 12827 837 12654 9918 1354 6177 4618 14771 623 3467 4977 1403 14735 14316 8238 5882 3768
178 5188 1145 1407 4734 13453 14941 5850 1830 5826 3289 231 7873 4917 3971 2057 10302 10380 14202 2992 2158 13644 13439 249 10447 7707 9393 11806 8898 14404 11220 8964 13296 9881 3164 6511 13910 5201 2029 2792 5693 11385 7414 12211 2010 12369 13326 13775 5963 4573 13592 7393 14935 2603 6833 1314 14769 5983 444 8651 3297 12680 9180 12668 6068 7563 1468 4475 7157 14349 7507 1411 365 9646 13280 11825 11077 6968 11613 14275 14930 1907 8419 5518 7867 7261 4932 2404 564 9344 8136 13712 7591 11430 12066 1843 3965 8725 1881 6670 13841 11461 9026 10894 7399 12064 8470 9903 13788 12709 6208 10143 176 3873 2413 6958 6091 10842 5331 243 116 2962 1357 11041 12241 7119 14607 4266 8658 692 11162 12399 8275 10027 12269 5992 8320 6643 13297 11003 12724 3852 4334 12662 11540 3896 2517 1273 2691 2729 146 2485 13896 11403 3761 7245 3571 10539 5551 5188 6370 12900 6235 1494 11065 1589 2611 4083 8636 3963 4964 2598 7856 9741 2496 3517 10501 10153 873 9014
180 12414 4030 3857 3218 7870 9297 1281 11851 5407 7716 3817 1010 4711 654 3169 3633 10381 1408 3258 803 2146 7935 7655 6263 5875 14712 10607 4839 2887 9993 14797 588 5089 7652 9042 14572 9329 8286 13618 13722 8207 10753 4715 1863 13498 3127 6167 12987 8411 8116 732 12899 4477 1117 1068 5917 11858 14740 3020 568 13714 7320 8287 5111 6870 13305 4757 9500 11339 5853 4368 973 3432 2872 11679 6681 13362 8403 330 13882 9656 6822 8189 345 2426 8118 189 8310 10656 7408 12414 4505 511 9039 9959 13470 11842 13366 14186 3396 10819 7554 14101 5305 5459 14477 5400 1202 3181 10021 457 11244 6017 10327 80 12253 12969 11403 5671 7512 10681 1846 2274 9975 9473 9818 12206 13483 483 1097 13904 3581 8667 2530 3183 2041 10264 2203 8903 13643 13267 2967 4858 7780 13840 10234 9891 6514 12268 10241 13099 8571 7694 1823 14290 3734 7322 14018 8766 1114 6921 11358 10184 8683 4777 12068 11390 14961 2319 1584 10707 5639 3663 6847 9232 10043 10267 14403 10066 2109 3366
180 9558 8168 5395 4800 8722 10996 2421 12388 10866 975 10878 894 3925 13557 14576 1651 1151 6494 9590 3918 5137 5271 13758 1217 3548 5679 4777 3626 13740 948 4613 11753 9431 5533 13554 12377 6037 238 1726 4544 14173 2610 11565 7213 11912 11057 5289 12979 4867 12967 11745 6788 12242 690 9395 10207 3514 8034 13615 10180 11663 13156 854 10427 12600 3005 14511 2240 5197 1675 5242 13001 12380 69 2743 5704 3093 2277 6671 710 12774 7303 3650 14841 2593 12471 5503 5192 3411 11543 340 12802 11742 4138 11420 6224 12597 8232 9558 10771 223 8516 8796 13628 8769 9117 5917 2057 9927 11480 10376 5824 12854 4693 5639 4081 1268 10830 559 14306 9821 1999 14347 2620 14023 1090 14724 106 2361 1629 7413 14182 34 1578 9944 6626 5891 8112 9807 6148 11331 10456 7833 5874 9806 10107 14072 7797 12473 3309 6098 3501 682 1121 12417 14538 10132 4418 8686 10714 3479 12885 9671 7027 2939 4455 233 13661 5638 5375 10838 3341 5897 11133 4880 6901 10423 9607 14836 3625 7346
180 1407 7119 4744 5814 8871 14864 7638 66 5784 11425 11578 14928 8740 10348 10824 883 1978 11151 4390 1725 1393 7183 6727 9586 2143 5447 5941 2087 11570 6641 16 8774 13133 14974 2 9947 93 12086 4410 7715 1500 9682 10092 632 12704 13249 8837 9911 7175 10353 14491 10058 7776 12013 3603 4016 9024 1551 11047 5611 2827 932 4469 4368 11840 5875 14372 3095 3286 10007 4909 7387 12368 8685 12356 10267 8007 9256 4782 8559 4038 3979 10513 5523 7821 6002 8085 2572 6227 10445 242 14787 12577 1247 3646 13582 6812 9393 13397 14286 12256 2690 6340 1705 8234 3206 6528 184 4570 13557 12669 10239 14973 9239 8984 4775 7591 8712 14061 380 14855 3008 14352 8908 11996 7250 136 1116 1407 7039 2389 1261 9279 4665 6099 12887 8344 1083 4227 11083 4522 5145 4988 5038 3271 7963 5605 1656 17 3542 9399 5154 4151 12051 13 2004 9109 11443 8468 8850 3476 1803 8976 1088 8351 23 11727 1897 14999 12339 5363 9144 7523 11352 8203 524 9319 1727 10518 6097 2717
184 1067 3244 4868 3898 9865 2367 14087 10522 11870 8405 5597 6793 13959 2694 697 12231 3482 13591 14780 6948 3421 8394 10747 4802 11767 9751 11435 13367 4930 258 2611 7522 2354 3427 4073 8336 8722 12379 13905 3334 1903 12847 5581 13950 11533 8618 3233 2981 4490 804 13547 176 11157 1061 4823 6600 12801 3867 13214 10643 1634 1067 12773 14185 13190 5954 9376 7737 10385 5892 5848 2039 4865 13931 11041 10931 171 8972 6199 9889 1597 11876 10260 11740 11131 3497 5775 3632 5617 9260 7432 13451 10685 12816 5679 10098 3487 10715 7919 3378 9038 13796 3261 3136 6696 4343 9873 4511 1683 12873 4227 9768 13283 8315 8417 9357 7946 2432 6485 371 14463 6093 4560 11093 3955 1871 10495 14060 10861 10293 5347 938 3875 8217 9264 11045 12908 6706 12202 1469 11504 11909 549 11340 7390 4132 14361 704 3846 10487 5672 4584 6146 5445 1259 5392 14161 3360 11816 5309 594 5774 2485 4807 12335 1758 11135 1193 4666 13172 10673 6774 1322 2129 14447 4153 5285 2658 8869 11710 9319 5768 4898 8248 9890
186 2986 1357 8083 13721 2138 3755 6614 5667 6496 10281 2504 7293 12694 11850 1255 3776 1827 8999 13283 3511 14219 8702 3700 4018 13441 4649 7753 9702 4892 14251 485 5111 9875 2627 8221 369 6687 13387 7895 12567 9074 3005 14578 1122 13329 328 7017 13661 13586 2986 8273 3392 6012 9684 11086 5751 1881 5857 6447 5295 7082 1453 14379 8916 4629 495 2594 1512 8827 6791 3817 2912 14296 3767 13499 3395 12024 10491 8503 11166 151 4559 3183 11870 6273 6682 584 8359 14763 14187 936 5519 14486 5707 5615 6903 14420 1760 10719 7777 5182 12498 11948 6991 6193 5316 12807 9419 8153 5512 11545 4668 5219 14917 4094 334 10785 5281 7727 1220 2907 7002 12247 788 13974 9458 14827 9150 6627 11884 1237 11699 11373 1780 3011 6259 2226 2967 10670 12916 323 4163 7151 13385 14867 1671 8497 5958 2916 3888 9858 13780 8384 3367 6340 5319 6332 14510 11859 12128 2751 10653 9778 12766 5530 12689 6376 1130 5736 3207 7502 4596 1230 13994 1451 13310 12205 8980 14642 7921 12366 7108 6845 8419 9094 5885 1639
190 2862 5736 4722 3537 816 1519 1637 7332 3359 13679 2231 1111 14386 1015 3501 2186 5257 4894 13004 11413 3228 2014 467 9117 12248 4783 10717 1287 8532 6016 5502 1430 12885 3067 10422 141 7466 895 4194 10797 11461 1445 10699 6135 14416 5413 7351 13763 5405 12075 8415 13856 2964 7690 6190 2366 1597 4976 6836 6311 14750 2936 3441 1490 7785 7333 8406 13238 6823 5521 11227 7936 3484 14672 3540 12971 14418 6627 3523 9603 6059 2862 14464 13266 3199 3023 9870 10438 5302 13963 5371 8331 11009 11273 8409 7189 3397 5198 3338 10644 2981 8773 9015 2796 13069 9655 10570 8047 9839 5379 3643 11348 1164 2757 6142 6019 4377 11853 12531 8390 9154 7194 14447 9985 4546 12752 6988 4179 8862 6827 13744 11159 14718 10870 1427 9716 10413 562 10899 14667 3652 14045 14442 4514 7929 7525 6802 3278 1746 11305 7325 13979 4313 6195 7487 2013 6152 2188 2732 6784 8851 10884 12059 1781 650 12285 9037 819 12851 5632 43 5314 9861 8775 8690 5617 266 5049 3414 1763 14216 1411 3464 941 13135 3260 1276 3716 1183 13816 12333
190 4233 14259 1659 11774 12204 14765 7828 5475 12700 410 3832 7190 7826 9589 3513 10957 4487 1930 7778 10018 12309 11068 12979 6132 9207 11177 7876 770 4427 2115 8309 14544 9279 10213 14584 516 2151 299 10855 9541 10576 3118 948 3026 1234 6585 1201 10721 7370 10238 8136 12607 4233 8756 3754 3448 2387 12480 6691 14783 7844 6211 14288 913 12837 3463 10155 7584 2978 13735 7524 5535 921 11503 14554 6311 7969 8994 5184 13770 9425 2608 7952 10449 11256 10905 633 782 2732 13107 763 340 6025 12177 12180 13802 1699 11475 5532 9062 4383 14430 13412 14998 5789 3324 4820 11981 12976 13432 928 1940 13817 1288 275 14706 4706 14624 85 12718 11639 5121 2361 3042 7723 9209 10625 11199 8820 6076 10814 9710 168 11923 6988 14637 12872 4344 8270 3528 13929 14054 3868 13301 11851 8159 9319 4460 11713 2728 12934 5357 6758 10806 13701 853 531 14964 620 2716 2073 4889 4443 3586 12692 1497 1478 7984 11544 10051 6170 12200 5377 7448 14694 6122 8886 4219 5091 1735 1540 13983 12464 14162 13184 14817 13585 1612 4043 2858 2741
190 3677 14118 8595 9690 306 1538 2511 13387 4476 5382 8626 14600 5793 11837 12201 13856 11372 2831 12611 9372 14985 3293 6898 13417 11389 1839 2555 7169 5527 4314 5231 13051 307 3677 12286 12426 8179 11774 1069 12057 5505 5674 2952 9537 11512 2194 13529 7025 4648 1149 14299 6349 4233 13971 10645 1893 326 2991 12752 9526 11081 12831 9560 3721 971 2783 14807 12932 11342 2140 9285 9033 10363 6910 12147 13154 9966 14553 4928 2202 2612 3542 10699 4483 13147 12207 11554 789 9539 7400 2569 7374 11584 8411 3866 10917 12404 11353 12425 3382 11503 1857 9800 8275 6079 4108 9297 6202 2227 2502 14578 1081 2644 5959 8576 12813 8225 292 3474 1908 7129 12760 3360 9880 1720 4805 5297 12064 1565 9467 12979 2096 10534 812 552 11271 10307 3523 916 13211 14126 4328 3958 14516 13192 952 691 12602 956 14690 10099 2219 7282 13928 13353 353 1478 13905 2590 5993 3436 6911 3084 455 12701 11973 6093 10759 2234 9766 11737 461 1022 11522 9715 6686 13881 1152 10340 1212 13521 9432 4523 9442 7877 463 1325 14408 9496 12094 1318
192 8454 1144 11098 6733 11068 7779 10877 8100 5005 5 11513 2770 1164 9084 882 10441 2635 12680 9509 11397 8251 8354 7351 9589 12255 12837 10432 2493 2388 7963 11294 13840 2085 13057 13965 5757 4215 5391 14456 8654 636 2791 3079 11058 6798 6038 6517 11778 4440 9001 6207 4027 10024 1832 4277 8075 6177 12420 13918 3435 12509 6423 11789 1605 434 6864 12294 6050 3926 13131 3347 718 2139 4305 10790 8853 1551 8790 3260 2331 13607 1377 5296 4775 2205 4253 1289 9922 4007 11497 11535 10490 6865 9340 4900 11930 10546 2836 7405 895 14666 6654 7919 10416 13563 10826 12269 8036 527 5157 8997 946 496 7846 6624 4995 799 646 8131 8454 3978 3059 5098 12533 7339 8937 2809 7819 13791 958 10283 6149 7297 6828 5761 2383 6542 6671 13433 5072 11160 14694 10176 10415 5720 12085 13909 12494 14669 13754 401 12673 2148 1072 2488 2347 5364 9542 9045 14366 6305 4192 12996 2445 3698 8644 5345 12949 7184 692 4701 12278 8105 10022 14648 8676 14286 203 14987 4083 7824 5711 823 3503 4789 14077 4220 10291 9423 8849 225 10085 7756
194 11582 3853 13612 12951 3686 1358 7941 14531 9697 8195 11203 9414 11305 14882 14942 8316 7570 72 5548 5964 5030 6692 711 10095 7926 5217 7243 12764 5060 9626 4079 3897 11338 4113 1235 1842 8665 11472 8370 875 8986 13220 11079 5950 10762 2047 13375 11598 6555 6319 8775 210 5085 1164 11582 10165 11192 1823 5882 14637 13617 14597 9684 6270 7720 14412 4891 8174 6108 8870 3812 9080 14728 7354 13786 6053 10508 12484 5164 11576 13818 9550 5037 6926 2083 8874 7659 60 11157 2234 6050 4816 6236 14580 13069 7046 8160 5111 2904 12133 3990 5912 11991 7895 13945 12524 1452 6074 9370 11149 12215 3755 11649 8210 8558 8461 3256 11463 6739 3513 455 10424 13601 6250 4269 3468 2652 68 7250 7382 5613 1887 5884 1616 11952 7407 640 9312 8619 5332 10916 10322 756 12584 13218 6920 3623 11898 14538 2973 14915 409 7774 11148 6930 1347 7775 1898 453 13621 2996 14368 1218 3374 10756 11549 14308 9912 12131 3592 9520 11614 2780 1212 1717 11135 1114 12387 8593 7664 12993 294 3182 4935 11931 1099 6252 3058 2498 2590 11959 14837 2691 953 9194
196 13235 14715 1133 9700 9802 9185 4274 5059 7999 14961 6214 11150 11253 8882 12073 3089 6254 3716 8294 12527 7944 8428 5478 9286 3298 7761 9903 4276 12979 6105 14 10955 14511 13133 10489 3766 2318 7729 6486 14956 2587 2573 10277 9317 8580 388 11036 9874 14097 8351 6883 2951 3694 4055 10354 9427 2020 14025 12716 6636 365 14638 6034 4371 5597 14893 251 12967 11974 10109 2914 3692 6875 5449 14334 3981 6298 7096 3947 1653 3502 11911 12268 6322 14809 1164 14667 4002 12365 4133 13404 12089 12475 6185 10816 1232 1594 13754 10045 12788 8050 11096 11713 11477 1586 2635 7940 12566 2528 1074 3541 10096 11209 13067 3247 13036 4386 8731 12455 15 10319 712 12104 2998 11577 11854 10818 2012 13040 129 2849 7927 9859 6742 6072 4555 13514 4008 5357 10311 13317 2791 10847 2162 4592 2793 9019 13178 3589 13181 13235 5079 9716 4842 6217 5182 8966 13831 2425 4776 880 13305 10123 12830 13140 2997 11889 5889 8047 10131 9715 12274 11697 10803 6738 8711 3752 4350 11271 4786 11007 6055 7594 9014 1344 4989 9412 3335 13432 11707 4410 2115 1658 8422 4626 7390 10200
196 2207 1864 2723 1370 1360 14112 9575 10067 14598 11920 13685 6623 12657 13489 13004 14345 1765 1346 2766 11230 7163 11848 12856 461 12403 6145 12890 262 11750 12903 12068 5417 7522 14999 13485 2934 1590 5672 1933 11539 14858 2464 8263 9076 3144 5163 1060 14880 7440 13397 10163 3583 3496 1163 962 442 4515 14881 14438 12548 2353 2577 8484 5301 12671 124 3171 14673 9843 6993 9921 3354 12052 275 1265 9606 6175 9744 4411 4657 7047 7218 13130 5798 2855 6506 12913 4916 13445 8351 2798 480 11656 3946 9969 5373 4303 10010 333 2962 10396 9957 862 5403 2451 1394 9083 10335 1807 13691 2343 10575 7979 1731 2930 12234 1482 7071 1456 1033 1166 7841 4263 8647 8665 10888 14406 6576 5310 6672 13733 3346 14263 10426 12415 11004 11403 6278 7598 8597 12543 2814 14996 9305 11355 12725 12745 10221 11497 4383 5841 8132 2083 3925 8849 1119 2207 184 11818 4113 5738 3846 8672 2242 5168 6995 4299 8977 1351 4630 8853 12139 6541 6227 10454 2165 2676 4155 55 390 13327 10884 14666 7953 11085 7861 11243 9623 249 11453 6632 10718 2402 2456 4197 7477 7833
200 13511 2057 7990 14687 12427 10363 5668 13253 6096 460 5202 10077 1399 11361 7892 12031 3224 6282 6785 3913 10187 13922 4018 10785 926 6979 13798 8215 623 13733 1276 3371 13803 14598 2495 1272 9241 14953 4051 12736 12595 12444 3609 14752 7546 4387 12453 7055 11037 122 1057 3896 2271 2632 11677 3384 4330 5719 1732 8977 14963 12267 8078 2655 11090 7984 4576 8548 8438 7629 9605 9040 11595 12310 12520 5912 11185 5947 13311 7289 4675 7368 14033 3432 12293 3903 3656 3855 4233 10859 12090 12179 10557 7543 5087 13511 3120 3177 8995 4533 11717 11252 4551 11224 6442 6573 14638 2858 5584 10039 10 4841 8388 8519 11200 14202 13328 4082 4836 12767 10348 4171 11580 3281 14331 7755 12147 7559 1098 10424 13768 7030 3655 10368 3835 2892 4228 12180 5989 7931 11410 10986 1110 11139 473 10427 7977 11179 11756 941 12163 11701 7454 5932 5808 396 10040 8899 4354 284 11235 1337 5814 3728 10819 5974 2048 13043 9507 14350 9762 7514 7773 12418 12855 11121 7844 3860 5581 3920 8740 8653 11558 7160 13576 2164 3672 3170 4318 11445 13277 4136 14710 11197 5144 2198 1743 3698 8696 7112 9042
202 4084 1359 3827 5714 1340 4471 10608 13170 13697 1015 2400 3307 12560 1329 2365 10513 7707 6852 4636 8932 10718 10967 13916 14441 4365 11489 6582 4534 820 6486 9668 12403 6441 75 5993 11636 8491 12315 13555 7972 14903 14474 9386 7912 1510 13880 11009 12659 11482 4928 12077 12239 6937 14297 955 393 211 10344 10783 11844 646 5988 8360 4719 9455 4432 4783 4100 1981 10518 2360 12636 9795 5009 9063 658 14796 14038 10560 7859 2527 3974 8990 6 6965 4856 5068 2528 7516 12672 1959 10249 4894 12396 10292 8713 7303 3454 1750 11900 4156 1474 976 9603 9629 12665 585 7206 4859 40 6063 4684 1840 8609 10698 5869 13917 12956 8313 4315 2884 13064 1317 10622 12648 4073 6029 13912 5197 4195 2190 14634 4645 9487 10357 1653 9576 2117 12887 1404 1365 14998 1777 11518 13721 6321 10885 11004 5278 8567 4279 13554 10960 13406 3994 11282 3811 13752 13494 5471 10974 1837 2196 2367 1318 14592 11544 9073 12130 12694 3808 7626 8241 5426 14662 12330 9712 7538 12410 12423 4218 5332 14742 4627 11987 11973 2816 10882 9113 10033 6559 11037 3420 2384 12488 11637 4084 4159 12291 3044 8738 238 9420
206 13135 8282 6115 6188 14271 10355 7643 14867 2438 8777 13793 13913 9562 14661 9420 6671 1992 8932 443 13841 3453 11562 6419 6159 10655 4291 11668 802 12157 8974 7142 13029 4777 8405 3086 4575 14090 3729 7604 8903 10032 10999 9676 6791 825 10171 3265 9629 12786 5105 13954 6054 6752 3610 9358 11478 11133 11114 4977 12118 5784 7034 1991 11138 14750 13434 3588 544 3273 10833 45 14538 3306 13568 7574 14023 8535 1562 10681 5750 9126 13453 11541 11851 417 14348 6847 6481 10693 4109 13394 11671 10273 11196 9801 3218 1287 6689 1031 13907 4594 14626 7118 8851 12054 10043 3506 12548 10148 6728 13784 4189 7696 7720 8021 4019 8467 5933 4096 3794 7750 5297 3626 9587 13705 1335 10053 9166 12172 13694 11171 11136 9877 10191 6047 10553 14583 11803 14774 1490 5836 6029 1272 14747 7139 14044 1619 5156 14941 5732 9044 4729 12663 1760 10530 8649 9308 6298 6916 5970 9925 85 11476 3136 11862 65 13724 13219 4663 5613 9327 794 13135 11560 1016 9631 13606 7560 14985 6460 50 9423 9132 6267 10041 13026 6635 11022 14606 3455 3858 8985 6103 831 310 3611 4845 3396 14364 5987 8068 11002 13092 5572 6068 3652 13538
208 7378 528 4540 12764 355 1755 14445 11767 2174 7788 4098 6211 6670 1709 12232 373 402 11768 1958 5810 11974 5859 3496 7378 7058 3801 14909 6172 2634 1207 4016 2829 3010 14186 11305 13337 8907 4877 8060 7178 60 716 2636 14505 12811 10385 4742 13440 2849 10165 13637 13505 3584 9458 2083 14240 5069 8779 3484 5607 412 12248 1602 12423 8277 5339 13506 13112 1379 9941 8323 8398 14221 13096 12407 7661 5071 9949 10070 5399 12268 1545 11131 7583 8090 182 8093 12600 980 2338 715 14274 3355 5490 1452 12932 368 14579 9840 6993 617 10864 7681 6883 620 8272 13525 5492 11137 13836 13623 13905 6434 1726 10571 597 1032 4060 4665 9970 6858 12857 1781 14607 603 7308 2481 7796 737 13587 11881 6811 5753 9051 1671 4759 13704 3270 8996 6808 8005 4766 9151 453 2878 11343 11172 940 2593 13613 2754 14218 3030 4522 4525 2334 8919 7120 9433 10754 13847 1793 13401 745 7539 5525 5118 6012 2437 1779 10611 8839 942 8782 10682 8121 379 1962 2971 12807 1500 5734 10527 12362 1430 9920 14682 11004 7474 3333 14788 7379 10333 13144 8780 4704 4917 2468 2613 8730 1566 9365 10022 7925 12243 1092 11368 548 13328
210 2811 3050 7372 10538 2635 6840 6810 7936 852 14634 2336 11889 14140 569 13916 10752 12508 11783 3417 1081 5857 3468 4685 7698 11865 14998 8984 11374 11055 2715 3529 3926 14615 1712 1972 4884 14153 14544 11404 14190 4869 13113 1210 7816 2811 1205 7943 3247 9648 6670 2481 13748 2496 12884 2446 12006 1517 7719 8012 11184 6493 3149 5675 8754 5463 8937 11165 297 1378 10893 6408 7257 2284 13325 5457 13830 10527 11431 12842 5231 14637 5947 833 6861 13973 8954 2721 12585 12024 8363 14303 3978 762 5801 446 11644 13437 9938 3461 11693 9642 6250 1438 5854 9281 12181 6989 2415 9420 2115 13643 287 2273 1249 1245 501 12033 6176 14110 8977 3459 8122 10575 11408 8440 209 7120 3821 9261 2577 6123 14059 2798 14645 7619 8893 11038 7003 2747 5656 4742 6548 9037 11780 896 8404 11795 12102 4585 14099 12005 14730 3662 3226 14942 11557 4411 12474 9874 11847 830 10754 3214 10577 10445 12442 14048 8089 13718 7811 4639 11570 12846 7924 11140 12149 14086 666 9337 9240 5118 7525 12991 14872 1621 12962 1478 9021 13536 14328 11623 5024 7679 951 12470 3523 4719 4511 7153 7492 5332 6530 10156 14840 13259 6555 4423 8415 10949 14874 9748
