int 10 postorder 7 63 46 88 94 81 42 89 43 90
int 11 preorder 99 44 9 38 25 4 40 75 98 96 38
int 13 inorder 51 20 17 12 41 95 62 53 81 45 65 9 6
int 13 inorder 6 98 77 17 43 16 29 97 90 5 14 96 58
int 14 preorder 50 79 89 91 58 57 36 55 54 53 67 97 67 65
int 16 postorder 69 74 80 71 42 64 68 96 10 52 63 49 12 19 7 64
int 17 postorder 95 94 6 6 92 70 95 17 99 31 55 69 52 8 58 45 5
int 18 preorder 63 38 50 49 72 47 60 98 59 31 83 46 54 39 58 96 59 39
int 19 preorder 61 76 81 32 67 36 46 33 36 60 5 11 45 1 43 43 59 88 67
int 20 postorder 98 48 24 79 86 41 36 48 49 97 75 41 6 19 52 47 75 59 20 55
int 20 postorder 47 30 7 52 65 59 55 34 62 86 60 28 90 66 39 55 46 57 59 37
int 20 postorder 31 53 57 52 86 81 91 9 47 41 19 89 95 72 18 70 67 59 43 98
int 20 postorder 50 97 64 72 20 37 32 33 87 63 6 12 35 64 91 66 94 99 48 34
int 22 preorder 99 34 25 38 42 70 52 99 26 75 12 92 39 93 40 31 48 83 99 42 14 24
int 22 postorder 7 42 79 90 1 80 23 51 51 18 46 42 38 44 57 17 83 20 5 47 36 52
int 22 preorder 26 20 55 27 86 69 63 80 44 98 51 22 54 23 70 47 84 31 89 27 29 4
int 25 inorder 74 17 12 89 57 59 70 23 47 45 45 80 95 8 44 15 13 26 53 5 94 52 91 71 67
int 26 inorder 56 84 80 32 17 3 11 17 13 13 79 64 95 62 50 65 96 20 6 96 64 78 98 26 15 75
int 26 inorder 83 77 82 64 39 53 39 14 65 48 23 32 36 7 33 49 18 58 29 98 9 57 46 29 18 97
int 27 preorder 94 79 41 78 96 92 42 43 75 38 15 47 36 97 29 76 39 27 85 28 58 95 12 95 28 37 67
int 27 postorder 63 37 96 61 88 32 20 73 95 66 66 80 71 99 60 74 39 27 37 95 40 23 60 96 3 87 75
int 27 preorder 76 89 67 14 27 71 12 95 96 60 87 66 10 69 48 5 44 53 8 13 46 35 96 68 29 98 82
int 28 preorder 49 17 80 14 16 56 41 53 89 1 16 20 96 25 42 7 15 91 86 77 4 34 83 62 33 61 98 35
int 28 inorder 91 66 41 60 7 20 4 11 15 10 91 91 28 81 56 61 92 27 8 58 42 95 4 35 90 70 42 79
int 28 inorder 37 60 7 73 39 31 55 65 63 6 67 70 58 48 62 73 97 11 77 11 37 14 11 34 66 79 95 67
int 29 preorder 89 73 57 65 47 18 57 68 60 21 57 15 73 92 67 42 90 12 36 93 55 16 83 87 81 8 78 82 31
int 29 preorder 77 53 22 89 39 33 74 56 34 11 57 39 24 26 40 3 2 91 68 49 4 29 67 94 31 56 71 60 77
int 31 inorder 67 51 91 98 81 2 72 84 65 82 64 58 46 93 11 64 19 66 83 69 90 54 13 6 62 75 57 66 89 3 9
int 32 preorder 4 27 17 99 97 99 90 85 15 3 80 33 3 17 6 82 21 79 79 36 44 42 50 10 77 54 67 88 19 67 87 92
int 33 postorder 64 82 23 96 49 55 14 60 42 99 57 94 93 70 33 51 26 17 78 15 47 13 42 83 56 59 47 48 52 41 31 5 81
int 34 inorder 5 56 22 56 94 52 71 89 88 63 30 91 91 12 32 83 45 13 84 92 12 58 21 20 12 78 15 29 60 24 53 28 16 10
int 35 preorder 79 98 70 4 67 75 20 53 73 18 95 1 36 39 95 45 30 32 14 33 59 71 99 38 89 65 71 14 66 23 23 20 29 44 5
int 37 preorder 60 4 22 24 16 57 2 21 17 69 77 12 21 18 81 28 90 95 43 26 8 34 48 32 22 44 71 73 22 85 84 14 82 54 72 21 33
int 37 preorder 32 46 68 76 58 99 75 45 9 73 43 77 37 80 76 66 26 19 66 96 70 83 47 69 37 69 32 67 4 56 76 26 69 25 9 8 8
int 39 inorder 38 22 87 73 98 17 39 16 37 48 50 71 82 8 26 14 26 74 7 36 43 86 89 82 76 58 76 53 47 53 83 24 44 62 80 3 18 39 73
int 39 inorder 62 76 74 18 87 51 70 87 6 19 19 34 98 94 63 35 60 40 23 73 32 35 21 54 13 88 74 97 51 94 47 56 94 50 31 2 38 51 7
int 40 preorder 99 57 11 49 37 88 43 83 30 57 61 61 38 77 17 90 60 62 18 4 87 11 65 36 79 27 8 89 66 22 10 51 42 15 54 21 35 88 58 34
char 40 inorder s t s h f p o j a j m b c g g a l i o p m e a h b i j j j g a t k c n k p i m p
char 42 postorder t i l j f g p f t m o n t g g h o i o c h g r l e n e q r o n m r b o c f h g h m t
double 42 postorder 7.65 2.05 4.91 4.15 0.09 4.46 3.23 0.99 4.63 4.04 3.32 4.35 8.78 8.06 6.19 8.19 9.84 8.49 8.13 3.16 9.71 3.37 8.66 9.85 4.72 0.03 5.16 9.55 0.06 1.83 9.07 1.28 1.86 8.09 2.84 1.48 6.87 6.6 0.17 3.02 0.18 9.76
double 42 inorder 0.86 0.11 0.19 3.3 2.42 6.29 8.71 6.75 5.48 6.51 0.66 1.9 0.5 4.83 2.66 9.35 4.41 7.38 4.71 2.82 2.25 6.24 0.73 5.63 5.37 5.29 8.54 7.89 9.28 8.13 9.37 1.99 0.93 6.62 1.87 1.4 8.95 1.83 7.8 0.09 0.27 4.94
double 45 inorder 6.82 5.1 5.62 3.24 2.09 1.66 7.09 6.94 3.17 8.2 2.22 9.66 1.02 4.8 1.7 7.38 2.53 5.56 1.85 4.75 8.95 0.93 6.27 4.13 1.69 7.32 7.78 8.21 8.02 5.8 0.15 6.98 0.76 2.15 8.27 1.3 9.07 4.77 9.44 4.32 5.98 7.97 0.71 0.71 2.8
double 45 postorder 4.24 9.73 6.74 7.61 8.78 1.4 1.21 3.38 1.07 6.24 3.86 3.44 9.47 2.49 0.89 2.2 2.9 2.21 1.1 8.85 1.24 8.36 7.31 9.67 9.54 7.16 8.88 3.46 6.18 0.92 1.98 9.44 3.3 9.8 2.92 0.45 5.22 1.96 5.29 0.42 2.75 3.07 0.7 6.41 6.27
int 47 postorder 15 88 2 6 31 15 97 95 97 46 93 46 71 68 16 98 32 25 18 97 65 45 38 61 45 33 37 98 54 31 57 55 70 88 68 98 50 87 10 5 83 49 62 56 13 21 48
char 48 postorder t p k d l l f l b k k n d g f t k e b f a c q k f t i o j r p i b i f e b h t j a t k q s k j m
int 49 preorder 68 72 60 9 42 47 87 2 51 94 36 55 89 38 20 2 59 34 80 22 9 99 95 74 41 53 47 68 28 80 93 31 18 25 51 11 8 34 85 31 33 93 31 89 40 80 13 36 47
bool 49 postorder 1 0 1 0 0 0 0 0 1 0 1 0 0 0 1 0 0 1 0 0 0 0 1 1 0 1 1 0 1 0 1 1 0 0 1 0 1 1 0 1 0 1 0 0 0 0 0 1 0
char 50 preorder d m r p g l t o l p p k p k i h o s a k b t p d k f c n l r l o n g d t p s q i q t b q b n k r e s
double 51 preorder 8.23 3.36 8.13 9.67 3.57 5.77 5.17 6.96 0.61 7.8 1.04 4.28 9.76 4.32 4.23 2.84 6.41 6.3 4.67 5.52 9.76 2.02 8.13 6.49 6.18 8.63 9.74 0.9 0.49 1.41 2.46 4.86 2.21 7.46 1.6 7.85 9.56 8.63 4.7 6.57 9.43 9.45 3.74 8.88 1.08 1.02 9.35 6.44 2.19 0.49 2.44
bool 53 postorder 0 0 1 1 1 0 1 0 1 1 0 1 0 0 1 0 0 1 1 0 1 0 0 1 0 0 1 0 1 0 0 1 1 1 1 0 1 1 1 0 1 1 1 0 0 0 1 1 0 0 1 0 0
double 55 preorder 9.31 7.16 0.23 9.51 8.76 6.1 4.27 9.28 0.8 7.04 7.45 1.82 3.53 2.95 3.11 8.18 3.45 8.26 5.07 2.45 7.16 5.02 3.85 5.96 3.96 9.68 5.05 8.37 1.12 6.31 9.2 0.05 8.45 8.23 8.71 6.54 0.76 9.38 2.45 0.18 3.85 7.79 2.96 7.31 0.74 6.15 6.86 9.51 5.6 5.87 1.19 5.19 7.91 0.37 2.32
int 56 postorder 85 6 93 68 15 89 72 29 77 27 89 97 70 71 19 66 14 54 28 83 27 74 47 90 20 9 62 2 88 28 32 30 7 9 20 57 93 58 43 5 25 98 74 95 63 64 2 6 64 9 71 12 72 3 63 88
double 58 postorder 6.4 9.48 3.52 2.69 1.14 9.15 7.92 7.72 1.39 2.76 7.72 1.77 5.25 4.86 6.73 6.8 5.12 9.28 0.94 4.53 1.47 6.74 2.48 2.6 5.24 7.53 3.93 1.03 6.06 8.87 4.57 7.48 2.75 5.62 0.35 8.72 5.83 5.6 1.02 0.45 4.66 4.27 8.78 9.54 8.34 2.95 5.43 5.45 8.4 9.24 2.3 6.62 3.96 3.9 9.79 8.25 2.12 9.36
bool 62 postorder 0 0 0 0 0 1 0 0 0 1 1 1 1 1 1 0 1 0 0 1 1 1 1 1 0 0 0 0 0 1 1 0 0 0 0 1 0 1 1 0 1 0 0 0 0 1 0 1 1 0 1 0 0 1 0 0 0 0 0 1 1 1
bool 63 preorder 0 0 1 1 0 0 0 0 0 1 0 0 0 0 0 1 1 1 0 0 0 1 1 0 0 1 0 0 1 0 0 1 0 0 0 1 0 1 0 1 1 0 0 1 1 1 1 1 1 1 1 1 0 0 0 1 0 0 1 1 0 0 0
double 63 preorder 9.37 1.14 1.6 8.17 2.6 9.36 2.64 3.15 2.22 0.77 4.92 6.66 2.25 1.16 7.55 8.57 4.9 3.26 0.43 8.31 9.51 5.69 6.84 2.09 4.8 0.05 1.15 1.88 4.02 5.68 1.53 7.74 6 1.88 9.12 1.14 0.43 8.89 5.4 0.94 9.7 9.75 9.87 0.69 1.58 7.86 0.32 2.81 8.4 0.56 6.74 5.77 1.91 1.53 9.54 3.53 6.76 3.23 3.96 2.96 1.08 1.21 9.13
bool 65 preorder 1 0 0 1 1 0 0 0 0 1 0 0 1 0 0 1 1 1 1 0 0 1 0 1 0 0 0 1 1 1 0 1 0 1 0 0 1 1 0 1 0 1 0 1 1 1 1 1 0 1 0 0 0 0 1 0 0 1 1 1 1 0 0 0 1
bool 67 inorder 1 0 1 0 0 0 0 1 1 0 0 1 0 1 0 1 1 1 1 0 0 0 0 1 0 0 1 1 0 0 1 0 1 1 0 1 0 1 1 1 1 0 1 0 1 1 0 1 1 1 0 1 0 1 1 0 1 0 1 1 0 0 0 1 0 0 1
int 68 inorder 83 57 54 2 46 56 20 35 16 57 59 82 97 55 96 90 58 68 68 77 37 17 56 5 46 76 56 53 15 98 16 83 25 73 67 28 2 35 67 3 59 68 34 59 89 16 57 27 91 39 86 69 13 93 71 47 9 17 97 41 61 93 56 54 20 11 33 22
char 68 preorder f p o g d l a s m r f j r a d n c f o m f b q c g j k m p s n e o n n e f o b t c s d d r t a a h r r j s q c q n c t m h q o e m o f p
bool 69 inorder 0 1 0 1 0 1 0 1 0 1 0 0 0 0 0 1 1 0 1 1 0 1 1 0 0 1 0 0 1 0 0 1 1 1 1 0 0 0 1 1 0 0 0 0 1 0 1 1 1 0 0 1 1 0 0 0 1 0 1 0 0 0 0 1 0 1 0 1 1
int 69 inorder 50 74 5 6 34 77 89 60 97 33 26 53 23 50 18 93 97 17 93 28 25 67 94 54 38 24 52 4 79 54 99 72 9 10 69 99 44 73 77 31 7 83 89 89 87 35 30 12 56 94 47 85 16 23 78 36 66 25 58 83 93 2 34 2 70 21 15 31 79
bool 69 inorder 0 0 1 0 1 1 0 0 0 0 1 1 1 1 0 1 1 0 0 1 1 0 1 1 1 1 1 0 1 0 1 0 0 1 1 0 1 0 1 0 1 1 1 0 1 0 1 1 0 1 1 1 0 0 0 1 1 1 0 0 1 0 1 1 0 0 1 1 0
char 71 inorder e p m h f m b b e l f b h s q n o q p s j b f k p r t o r p o r c e i e k l l d q n e g b h q b d p r m r c i o k g b k i l n b g e g c g m j
int 71 inorder 72 99 29 59 10 28 97 70 33 96 45 74 18 33 46 84 14 71 8 97 2 14 92 29 46 83 23 39 73 18 83 67 75 99 90 23 72 51 84 97 18 57 81 82 98 10 44 4 72 92 16 22 83 54 79 75 26 38 1 82 47 49 59 29 3 10 77 91 95 26 65
char 73 inorder q b q k r t k n g e n s f e n q m d g f b m l r i l g s l n j s e c n d o i l h t l d e d g b j d b n k n g h l d i a e l i t n b m p j p p l l o
double 74 preorder 2.48 8.13 7.99 6.43 9.21 9.42 8.15 4.4 7.98 5.44 9.16 1.35 9.87 9.02 9.05 0.74 8.58 1.03 9.88 2.69 0.54 6.42 8.31 0.05 3.12 7.95 8.8 1.71 6.85 4.91 5.99 7.28 4.67 0.21 2.5 1.16 4.28 3.53 3.4 4.34 2.52 2.18 9.49 0.27 6.23 6.76 4.47 7.73 4.13 7.56 6.25 9.87 2.84 7.08 5.19 1.29 2.71 5.06 9.18 8 7.53 6.06 2.69 5.09 1.52 5.26 1.05 6.75 2.55 1.55 2.55 1.26 0.98 8.66
char 77 preorder a g r h s n o r d s o k c c r i j a g s e b f n d g b t t p p p l b k n l d s o f s m s l m b n r m e h f n a r e l o s c k r c p h r t n l h d g r m i c
double 78 inorder 4.35 8.61 1.02 8.46 8.74 5.81 4.32 2.59 2.53 6.8 1.01 7.15 1.4 3.64 2.41 1.82 8.04 3.3 0.25 7.04 0.76 4.78 8.08 5.61 5.08 5.75 7.66 5.31 2.63 7.09 8.2 4.53 4.41 0.91 1.67 7.43 7.43 6.03 4.59 8.94 3.01 7.93 3.42 9.19 1.99 4.69 9.73 1.52 5.91 9.79 0.99 7.89 8.32 2.03 0.19 6.24 8.35 1.04 6.02 9.9 7.79 8.87 9.48 2.97 2.72 2.36 4.44 4.93 1.76 3.54 2.54 9.46 0.52 1.4 2 0.62 7.08 8.12
bool 79 preorder 0 0 0 1 0 1 0 0 0 0 0 1 1 1 1 1 1 1 1 1 1 0 1 0 1 1 1 0 0 0 0 0 0 1 0 1 1 0 1 0 0 0 0 0 1 0 0 0 1 1 0 1 1 1 1 0 0 1 1 1 1 1 0 1 1 1 1 0 0 1 0 0 1 1 1 1 0 0 1
double 79 postorder 0.97 4.57 5.63 9.84 8.27 5.66 4.1 6.36 4.32 4.01 3.36 3.98 5.3 2.11 1.99 2.39 0.78 4.6 5.85 7.11 0.89 6.73 2.45 7.62 7.34 1.56 0.89 2.52 1.27 3.96 2.24 4.66 6.57 1.63 8.32 1.89 2.03 4.86 6.48 2.66 8.54 7.85 6.53 1.56 4.62 4.71 5.28 2.9 7.67 9.23 1.19 5.83 1.57 9.71 1.44 8.41 1.92 0.24 3.74 2.62 5.66 6.41 5.41 1.1 1.36 8.8 1.97 5.13 3.45 4.76 4.24 9.07 1.33 1.12 7.11 1.83 3.9 2.42 7.65
double 83 preorder 3.92 0.68 9.06 4.73 9.59 3.36 6.53 3.77 9.04 2.43 1.25 9.08 3.96 1.9 2.02 7.06 6.36 3.23 2.99 5.1 4.3 6.19 0.27 6.71 2.15 0.99 1.76 2.8 6.9 5.11 7.77 2.92 9.86 8.06 4.4 5.17 4.67 9.79 6.37 4.32 6.41 9.17 9.88 7.81 6.68 4.98 7.89 0.09 0.47 2.37 3.75 4.28 7.06 2.98 2.95 8.6 3.48 5.37 6.87 3.54 2.13 8.78 3.29 7.45 6.87 5.72 8.37 3.55 5.68 9.68 7.37 4.37 7.72 8.48 0.5 0.57 1.59 6.81 4.67 9.19 0.89 8.01 6.01
double 83 inorder 9.2 9.03 3.32 6.77 8.78 5.22 6.24 6.02 5.49 4.53 5.59 0.83 7.29 5.33 9.04 5.05 2.82 2.44 9.05 3.34 4.74 2.26 3.58 2.68 4.05 9.65 3.02 6.67 3.94 6.91 1.08 3.51 3.05 1.83 4.2 6.61 0.6 1.96 2.54 7.94 9.72 6.5 8.36 4.41 0.56 5.65 3.8 6.81 1.6 7.22 7.58 6.03 7.61 8.09 2.55 9.07 7.09 9.02 4.93 3.86 6.92 7.77 6.54 1.6 6.61 5.12 5.7 4.07 9.29 3.67 1.18 2.82 5.4 8.35 6.78 3.68 8.23 0.92 3.96 5.59 8.7 0.61 0.63
bool 85 preorder 0 0 1 1 1 1 1 0 1 1 0 1 0 1 1 0 0 1 0 1 1 0 1 0 0 0 1 0 1 0 0 1 0 1 0 0 0 1 0 1 1 0 0 1 0 0 0 1 0 1 0 0 1 0 0 0 0 0 0 0 0 1 1 1 1 0 0 0 1 1 0 0 1 1 0 0 1 1 0 0 1 0 0 1 0
double 86 inorder 7.81 5.98 3.27 3.17 6.69 4.2 5.1 3.01 2.35 4.52 1.7 7.9 0.13 8.06 7.61 8.92 3.82 7.56 2.02 6.26 5.69 1.5 1.7 7.97 9.4 8.47 3.41 4.49 9.4 6 3.67 8.46 7.76 1.57 1.1 3.71 4.83 2.03 0.46 5.23 9.36 1.26 4.14 6.4 7.27 1.02 5.69 0.72 0.72 2.66 6.47 1.79 8.2 8.31 2.27 3.98 4.41 9.97 4.58 4.03 0.99 6.04 7.2 9.12 8.47 3.87 1.23 1.95 8.64 6.49 8.9 3.83 0.84 1.12 6.66 8.69 9.72 2.48 5.48 0.01 1.48 1.44 1.81 1.11 5.88 2.65
bool 87 inorder 0 1 1 1 1 1 1 0 0 1 1 0 0 1 1 1 1 0 0 1 1 1 0 1 1 0 0 1 1 0 0 1 1 1 0 0 0 0 0 1 0 0 0 0 1 1 1 0 1 1 0 0 0 0 0 1 1 0 0 1 0 0 1 1 0 1 0 1 0 0 0 1 0 1 1 1 1 0 1 1 1 0 1 1 0 0 0
char 87 preorder j t b l a g t j o b o l a f m r m p e s o o e r n f b a c f k o t e j q h f h h f n p e i g s h o t a f a n a g s k i a m s o e c a k o n m p t a c g e m r f o f d i a f r b
char 89 preorder d b s a a f i f p r r k a b q s s r d k q f n l d b o t f l t n t n p d d m d r q q h k e d s n n i t h k m r j o b o l e t s p o h a s h t l m a l g h q i f c n a i n n e k h j
bool 91 postorder 0 1 1 0 1 1 1 1 0 1 0 0 1 1 1 0 0 0 0 1 1 1 1 1 0 1 0 1 0 0 0 0 0 0 1 1 0 1 0 0 1 0 1 1 1 0 1 1 0 1 1 1 1 1 0 0 1 1 1 0 1 0 1 1 1 1 1 0 1 0 1 1 0 1 0 0 0 1 1 1 1 1 0 0 0 1 1 0 1 0 0
char 94 inorder a l t m n r g b g b r p i e a k b k r r n n n t g t j n a f f j q g d c p g h c f k j e g o c i g j p e c c j s q j e d l c j a m g l t b h g c o o s f g l e e a s j f i s m c a l j e r r
bool 94 inorder 0 0 0 0 0 0 1 0 1 0 0 0 0 0 0 0 0 0 0 0 1 1 0 1 1 1 1 0 0 1 1 0 0 0 0 0 1 0 0 0 0 0 1 0 0 1 1 1 0 1 0 1 0 1 1 1 1 1 0 0 0 1 0 1 1 1 1 0 1 0 0 1 1 0 0 1 1 1 0 0 0 0 0 1 1 0 1 0 1 0 1 1 0 1
bool 94 inorder 0 0 0 1 1 1 1 1 1 1 1 0 0 0 0 1 1 1 0 0 1 1 1 1 1 1 0 1 1 1 0 0 0 0 0 1 1 1 1 0 1 0 1 1 0 1 0 1 0 0 1 1 1 1 0 1 0 0 0 1 0 0 0 1 1 0 1 1 0 0 0 1 1 1 1 1 1 0 1 0 0 0 1 0 1 1 0 0 0 0 1 0 1 1
double 95 postorder 7.95 6.48 0.96 8.9 8.78 8.72 2.1 7.09 5.86 9.47 1.11 8.99 6.25 8.78 0.3 8.12 1.27 9.22 5.7 9.26 2.04 1.86 3.41 5.11 0.91 6.02 2.67 0.68 2.24 8.48 6.67 4.43 9.29 9.09 8.48 0.78 0.05 5.41 7.85 3.98 5.93 8.25 4.16 5.68 1.26 0.73 7.09 6 8.25 5.83 6.32 5.72 8.91 1.22 4.34 5.71 3.21 8.99 8.68 3.44 2.65 0.27 9.77 0.45 4.39 9.19 1.33 1.66 6.47 2.82 6.04 5.9 7.91 1.41 1.13 7.71 1.2 4.37 4.23 6.6 1.59 8.52 1.37 7.39 2.45 4.6 7.99 2.67 2.27 9.75 6.86 0.15 5.01 1.88 5.45
double 95 postorder 7.23 0.72 3.5 1.93 5.25 6.02 4.95 7.3 3.27 3.29 6.63 3.02 0.82 1.57 8.93 0.01 2.73 5.1 7.76 5.84 5.65 6.3 3.08 8.83 3.69 1.8 0.82 5.82 1.45 2.88 0.2 3.83 9.34 3.84 4.73 3.1 6.8 4.76 8.1 2.65 4.14 7.11 8.63 8.1 5.31 1 2.33 2.26 6.81 2.54 3.54 2.16 0.73 9.61 1.75 3.23 9.51 2.23 1.02 9.89 4.19 9.62 2.64 2.36 8.71 8.19 3.21 5.03 3.77 6.44 7.88 1.63 6.62 3.47 0.37 3.83 2.44 0.89 3.49 4.73 9.85 2.86 2.48 2.12 1.42 2.59 6.16 7.58 5.03 9.42 0.43 3.09 1.35 9.33 5.75
double 95 inorder 3.43 1.75 4.16 2.9 7.69 2.5 5.51 3.39 2.26 7.12 3.8 0.67 2 3.8 5.13 8.13 9.29 7.07 1.38 8.48 5.93 0.27 4.83 0.11 5.68 8.82 0.08 3.77 3.76 7.91 6.96 6.79 2.75 6.76 0.75 3.9 2.21 4.4 7.07 5.24 5.7 2.14 0.69 3.28 1.88 4.25 3.38 6.1 8.02 5.29 3.02 0.26 5.56 8.35 3.94 6.24 0.22 0.1 0.99 5.06 2.17 2.09 7.64 8.35 4.56 0.78 8.89 4.71 5.31 8.02 6.68 2.46 2.91 6.49 7.92 4.25 8.76 3.42 4.58 7.92 0.49 8.61 7.85 5.53 2.69 5.56 0.51 8.02 7.23 7.81 5.86 4.19 5.53 5.21 1.27
bool 96 inorder 1 1 1 1 1 1 0 0 1 0 0 0 0 0 0 1 1 1 0 1 0 1 1 1 0 1 1 1 0 0 0 1 1 1 1 1 1 1 0 0 0 1 1 1 0 1 0 1 1 0 1 0 0 1 0 0 0 0 1 0 1 0 1 0 1 0 0 0 0 0 0 1 0 0 1 1 1 1 0 1 1 0 1 1 0 1 0 0 0 1 1 1 0 1 1 0
double 98 preorder 9.51 8.66 7.51 6.47 2.83 9.2 9.57 6.75 6.11 5.34 1.84 7.35 1.21 6.11 0.35 1.6 8.8 4.19 2.17 5.67 0.86 8.78 6.89 5.94 1.81 5.44 9.64 4.3 6.94 3.92 3.43 2.34 4.85 3.95 3.43 3.16 3.69 9.63 5.72 9.37 2.54 3.54 7.06 8.14 0.13 3.09 5.82 7.19 8.17 9.43 3.62 8.29 4.53 4.74 5.42 1.29 4.5 0.16 3.63 7.52 8.16 5 3.73 4.14 0.99 6.18 5.56 1.63 1.61 0.03 5.55 9.21 0.93 7.35 4.81 3.03 8.95 5.18 5.47 1.5 2.06 7.07 2.33 1.54 4.29 0.87 8.55 7.94 3.55 5.21 6.52 6.46 3.48 2.89 1.78 3.57 5.39 0.5
char 98 postorder o e s n e o p b b n q a t f t c l e e m q s i m l s k q q g t h m p c h r k d c i k m e f k f n i p r i t h o l m g g m c s h d n c c j f k g s e i p b r m f j m p s r e c i p t h t n t b m a n i
double 98 preorder 0.69 5.71 5.04 7.15 0.98 5.94 9.43 9.07 9.73 6.71 4.29 3.04 2.78 7.35 7.34 1.75 0.39 8.28 6.65 8.23 4.19 2.99 5.7 8.29 3.36 0.93 2.09 2.5 9.6 8.68 3.51 3.82 5.45 2.1 0.86 6.36 4.15 0.38 3.01 0.63 1 9.06 9.75 0.78 8.69 2.45 9.13 2.14 1.26 7.41 9.54 8.51 9.43 5.09 9.68 8.68 4.71 8.18 0.47 6.26 7.82 2.41 7.38 7.54 0.98 2 0.87 5.57 8.62 0.74 6.35 8.28 9.06 5.51 9.31 4.96 8.18 5.56 5.92 7.95 9.98 6.76 0.5 7.69 9.51 8.82 4.26 1.4 3.28 5.36 3.18 3.19 6.98 9.41 4.85 4.46 5.17 7.61
double 98 postorder 0.84 7.13 5.18 6.18 5.43 6.77 8.53 7.74 5.34 5.86 9.29 2.24 2.03 6.93 0.29 3.89 6.21 0.97 6.34 9.76 9.35 7.24 4.54 7.72 4.85 2.16 3.86 3.13 8.17 6.86 4.68 8.99 8.46 3.72 6.63 8.79 8.75 4.12 2.91 7.28 7.72 5.48 7.77 0.25 7.12 0.5 4.56 0.34 4.63 0.8 1.22 4.14 1.38 9.95 6.95 3.45 0.25 2.4 2.92 6.67 0.2 3.76 1.52 9.07 7.64 1.89 8.58 1.21 1.41 4.78 8.5 3.44 6.49 7.33 4.27 8.16 4.66 8.67 1.06 8.39 2.66 8.8 6.02 7.54 2.38 4.59 2.27 4.88 0.95 0.96 6.49 4.57 9.25 6.86 5.15 2.04 2.65 0.15
bool 99 inorder 0 1 0 1 1 0 1 1 0 1 1 0 0 0 1 1 0 0 0 1 1 0 0 1 1 1 0 1 0 0 1 1 1 0 1 0 1 0 1 1 1 0 1 1 0 1 0 0 0 0 1 0 0 1 0 1 1 0 1 0 0 1 1 0 0 1 1 1 0 1 1 1 1 0 0 1 1 0 0 1 1 0 1 1 0 0 0 1 1 1 1 0 0 0 1 0 1 0 1
double 100 preorder 7.94 7.53 2.98 5.14 3.51 4.35 9.61 4.69 6.74 0.77 4.28 0.34 3.7 6.12 6.39 7.55 0.76 2.87 0.57 6.93 7.46 0.99 5.86 9.58 6.25 2.25 9.69 6.76 7.7 3.53 8.42 5.13 1.29 8.39 9.14 8.81 1.22 8.85 8.99 2.57 1.09 9.17 0.79 2.88 6.43 6.51 6.32 4.48 7.57 7.86 5.83 6.02 7.53 9.81 2.07 8.67 6.45 1.73 7.92 7.11 3.12 2.94 6.87 6.93 9.39 3.57 6.82 4.29 5.39 5.36 4.1 2.62 5.58 2.52 8.19 0.7 2.8 8.45 3.54 8.45 2.33 0.1 4.99 4.68 2.68 5.16 6.22 8.71 1.12 5.79 9.36 0.62 3.24 8.75 0.61 1.52 6.31 4.59 6.29 9.97
char 101 preorder s q m c o b g e l c f l j o c i e f t i d b t l m a r k j q f g f a f m b j h q e j d i c a p j g i s a m t d g o f c d f n g t f l p t r a i a e d a o l e a i r r b m f c t o f r p c n h j l a o b j c
double 102 preorder 8.39 7.14 1.63 1.98 4.63 2.72 0.55 8.45 4.75 6.65 3.39 5.38 7.03 0.82 1.91 7.71 8.98 6.28 9.87 9.23 3.96 0.17 6.42 7.71 3.9 0.1 5.01 9.53 3.8 4.72 0.29 2.72 5.09 2.91 4 5.08 3.84 8.4 3.07 6.73 8.85 2.3 3.29 1.08 7.63 6.28 8.32 4.85 1.54 1.12 9.98 0.51 1.26 4.84 5.01 6.5 1.88 4.85 3.52 5.29 8.71 3.18 0.23 7.27 3.81 3.87 7.52 5.08 6.95 9.5 9.22 8.71 3.04 7.95 7.56 0.31 8.84 4.18 0.81 8 1.63 5.76 3.86 4.11 8.57 0.15 4.46 0.68 3.17 6.24 4.52 3.88 8.78 0.11 4.88 0.05 2.09 9.98 0.17 8.87 7.3 0.3
double 103 postorder 1.86 4.79 3.24 2.75 2.94 5.7 6.19 3.1 0.02 4.24 6.02 7.23 7.67 2.38 1.4 7.97 3.49 5.92 6.44 8.55 9.23 1.86 6.31 7.6 5.12 1.42 7.1 1.86 3.18 0.23 4.2 0.43 6.67 0.64 7.33 4.71 0.37 9.53 4.68 3.8 5.82 9.04 0.04 9.89 9.5 1.9 8.83 9.95 9.72 2.93 9.21 1.79 4.7 5.31 2.14 8.44 9.98 9.55 6.28 7.08 2.41 1.65 6.92 4.72 6.91 4.1 5.01 4.85 5.7 6.71 8.97 5.4 2.11 4.59 8.85 1.25 4.57 6.35 3.17 1.91 6.74 0.05 9.41 2.36 2.66 6.33 0.31 3.45 4.66 8.81 5.56 8.65 2.45 3.91 3.7 8.73 7.39 9.42 7.78 1.48 1.75 4.25 3.3
char 105 postorder s n m h f k o e j i l i q l i d n j s b i q q h l n r b e s s c q d g t j l g l n h p f e j f b t c m g p k q c f s o b l j e c k d k i p t p h q s p q c d f q p e n l r r p a e r s l o j b h t p c m l o p a b
double 107 postorder 2.81 8.39 7.82 6.98 7.23 4.61 1.65 5.17 2.83 8.66 8.05 6.75 9.4 7.5 1.99 2.96 4.67 0.15 7.41 1.08 0.59 3.16 6.56 4.47 9.59 0.74 3.7 7.13 7.02 3.95 8.77 6.45 9.89 6.88 1.47 0.71 0.58 9.18 1.61 6.23 0.58 2.62 3.18 1.87 9.01 3.47 2.73 6.95 3.97 5.23 0.35 7.12 8.78 2.76 4.63 3.12 6.4 7.52 2.9 3.28 4.45 0.07 5.43 1.38 5.49 0.84 8.97 2.47 2.91 6.86 9 2.07 9.41 8.78 9.03 8.12 8.45 8.16 3.7 3.91 1.73 7.83 1.64 7.32 9.19 9.57 0.14 3.77 2.31 2.55 4.67 2.37 9.99 4.65 2.46 1.64 6.98 0.81 3.2 0.64 9.76 3.96 1.49 2.98 6.96 1.12 8.25
char 108 inorder e n q c i i g o o d i e p n a o l b j g s n g m d s f o f p a d s m c g i g j a d r l o t c n j q n r c d n n n q e p l r m a p i n c s i c a s d l s n m t j d g l b o p d q j c m h c g p m d o i b i s c i k a t t s
double 109 postorder 4.46 1.22 6.59 1.09 4.97 6.4 4.17 2 6.78 3.51 9.46 9.91 6.3 1.95 5.11 1.56 5.31 3.35 9.6 9.95 4.39 3.22 4.63 4.32 4.1 5.4 2.42 5.67 1.92 8.34 5.87 1.13 8.74 2.07 8.73 5.63 9.4 6.41 5.68 8.86 1.73 7.89 2.42 0.1 5.92 2.67 9.35 0.81 0.4 0.19 5.26 1.05 2.58 4.09 9.23 6.45 6.29 6.82 4.9 2.58 6.12 1.47 1.06 2.11 3.94 2.53 1.12 7.01 7.15 7.44 8.16 8.05 3.24 4.05 2.49 1.51 5.66 0.39 8.02 5.12 3.59 2.11 3.81 2.11 5.25 1.11 8.88 1.48 1.51 6.74 4.36 3.85 9.68 3.41 6.07 7.96 3.22 4.71 4.72 9.25 3.57 5.35 4.21 1.93 5.07 9.61 3.23 1.44 6.41
bool 109 preorder 1 0 0 0 1 1 1 0 0 1 1 0 1 0 1 0 0 0 1 1 1 0 0 0 1 0 0 0 1 1 1 0 0 1 1 0 0 0 0 1 0 0 0 0 0 0 0 1 0 1 0 0 0 0 1 0 0 1 1 0 0 0 0 1 0 1 0 0 0 0 0 1 1 0 0 1 0 1 1 0 0 1 0 0 1 0 1 0 1 0 0 1 0 1 1 0 1 0 0 0 1 1 1 1 1 0 1 1 1
