int 11 15 3 12 20 13 5 16 19 17 13 16
int 11 6 16 9 16 17 8 20 15 12 17 2
double 12 1.97 1.04 1.81 1.48 0.65 1.78 0.99 0.09 1.29 1.53 0.83 0.47
double 13 1.56 1.04 0.6 0.98 1.92 1.2 1.16 1.8 0.67 1.52 1.39 0.98 1.01
bool 14 0 1 1 1 1 1 0 0 0 1 0 1 1 1
int 14 16 6 11 16 13 11 8 18 20 8 16 14 20 10
int 15 13 7 2 18 17 16 11 15 16 2 13 14 8 13 5
char 17 o p l m i s k h r j g k l m d m b
double 17 1.53 0.12 1.25 0.4 1.53 0.57 1.33 0.95 1.39 0.51 0.58 0.94 1.6 1.38 1.29 0.75 1.98
int 19 4 2 8 15 10 17 20 19 11 4 7 17 6 5 3 4 2 13 12
char 21 m l m n r r g f b t j h t k q f b h t r n
bool 22 1 0 0 0 1 0 0 1 1 1 1 0 0 0 1 0 1 0 1 1 1 0
int 23 1 11 19 16 19 15 8 3 9 1 3 6 15 1 7 4 1 11 16 3 3 11 19
char 23 k k n n i i n c l a f p b e o h i i f i s o d
bool 24 0 1 0 0 1 0 1 1 0 0 1 1 0 0 0 1 1 1 1 0 1 1 0 1
bool 25 0 0 1 0 1 1 0 1 0 1 0 0 0 1 1 0 1 0 1 0 0 1 1 0 0
bool 27 0 0 1 1 1 1 1 1 0 0 0 1 1 1 1 1 0 1 0 0 0 0 0 0 0 0 0
int 28 14 16 1 10 8 2 17 11 6 14 7 14 13 16 20 6 7 14 18 10 3 1 15 3 7 20 17 9
char 29 o j a b a p c t f p p k i j f r g c f o n c b m q g g k b
bool 29 0 0 1 1 0 1 1 0 0 0 0 0 1 0 0 0 0 0 0 1 1 0 1 1 0 1 1 0 1
int 30 14 20 14 14 8 8 13 14 11 10 14 16 4 17 2 19 16 10 20 13 3 9 16 17 6 3 15 7 5 16
int 31 6 19 15 20 8 4 17 7 4 6 7 12 20 6 20 1 20 15 7 8 19 5 17 14 19 12 14 20 1 11 7
bool 32 1 1 1 1 0 1 1 1 0 0 0 1 1 1 1 0 1 0 1 0 1 1 1 1 0 0 0 1 1 0 1 1
bool 36 0 0 1 0 1 1 0 1 0 0 1 1 1 0 1 1 0 1 1 1 0 0 1 1 0 1 0 0 1 1 1 1 1 1 0 0
int 37 15 8 16 7 9 10 15 10 12 7 7 2 10 11 6 14 8 19 9 19 6 19 3 15 11 3 17 12 2 13 8 5 19 14 11 12 4
int 38 20 6 19 10 16 15 5 12 5 10 16 20 16 20 12 10 7 9 20 12 2 14 5 12 11 7 15 2 12 8 10 9 17 10 20 10 2 11
int 39 4 15 9 6 7 13 16 19 1 14 17 12 7 13 15 15 13 4 17 5 11 4 13 4 7 2 20 6 3 8 14 19 11 4 16 9 19 9 16
bool 40 1 1 1 1 1 1 0 1 0 1 1 0 0 0 1 0 0 0 1 1 1 0 0 1 1 0 1 0 0 1 1 1 1 0 1 0 0 0 1 0
int 41 7 2 14 1 16 17 4 13 6 20 5 20 13 20 14 14 11 8 8 10 17 17 1 10 3 10 18 17 11 11 20 12 6 16 8 8 16 10 4 4 6
int 42 13 6 13 3 5 1 9 13 16 6 18 1 13 7 19 10 8 19 10 17 11 2 1 2 19 4 12 3 9 8 3 19 19 16 3 8 6 11 1 17 10 16
double 43 1.64 1.11 0.76 1.75 0.8 0.43 0.3 0.78 0.9 1.94 1.47 1.85 0.63 0.23 0.52 1.11 1.59 0.08 1.39 0.27 0.28 0.02 1.43 1 1.96 0.75 0.38 0.91 1.84 0.63 0.32 1.39 0.66 1.88 0.67 0.64 0.32 1.44 1.68 1.58 0.11 0.31 0.77
int 44 11 10 16 10 10 20 8 18 13 9 5 17 7 8 10 10 18 8 8 20 8 1 7 19 13 5 13 14 7 17 16 8 4 17 8 1 15 19 4 1 8 17 15 1
int 45 11 6 20 13 1 13 3 9 15 5 19 17 13 12 4 15 2 10 5 9 11 1 13 1 20 3 10 11 2 2 1 8 2 17 20 12 14 20 14 7 8 10 19 8 9
int 46 17 20 13 13 12 2 8 12 14 14 1 7 20 8 18 10 8 14 6 14 2 20 13 1 18 16 20 20 14 8 19 20 9 15 5 8 20 1 17 5 10 15 3 9 12 10
int 46 15 2 17 20 7 6 5 18 5 1 6 10 13 20 5 2 1 15 20 9 19 17 2 9 20 14 6 10 5 8 6 3 6 2 6 3 18 5 14 15 4 10 3 17 13 16
char 46 i n i k b t m j f f n a o k i r g o o k j c j k f d l g n k i c p t l h a i c g j e f b p c
bool 47 1 0 1 1 0 1 1 0 0 0 1 1 0 1 0 1 0 0 0 0 1 0 1 1 1 1 0 1 0 0 1 1 1 0 0 1 0 1 1 1 0 1 0 1 1 0 1
char 51 n c t e n p j f m o e t q l e t g m l f t b d j p h n j r n n o j l i j n j m k m l c c t i j b q h l
char 51 j q j l e e r g f t h r r p j j o t g t e o e s j a c o r n m b a g r r r l k k p f m p j i p l i p m
int 52 12 2 1 11 18 19 12 12 5 15 17 7 8 13 13 15 10 9 12 5 16 14 8 4 11 11 5 20 15 16 14 3 15 3 17 3 7 10 20 19 4 2 19 9 6 18 5 15 2 20 8 3
char 52 p d q p j h f e f k i m g o t b g i t s s h c c p e c s i k c c d s f o j j m f p d r e k k s o h l l t
int 55 6 4 18 10 18 18 2 17 15 14 10 8 1 15 13 6 14 6 5 2 1 10 10 13 19 8 6 14 11 19 20 19 6 6 7 1 15 18 5 10 12 5 1 5 11 20 7 5 15 9 8 19 20 7 5
bool 56 1 0 0 1 0 1 0 0 1 0 0 1 0 1 0 1 0 0 0 1 0 0 0 0 1 1 0 0 0 0 1 1 1 1 0 1 1 1 1 0 1 1 0 1 0 0 0 0 0 1 1 0 1 1 0 1
char 56 q h f q a o g c i s i o r s a s n q n d e o q p h o c e d o t t g s o r j s m a k f f c p s a a b g t c e j o h
int 57 14 14 5 2 18 3 1 6 13 19 19 5 6 5 18 17 18 14 10 12 18 6 8 2 11 14 15 7 18 10 20 11 6 12 15 14 8 6 14 13 6 11 10 14 15 13 7 8 1 2 6 1 9 12 8 14 16
bool 60 1 1 0 1 0 0 1 1 1 1 1 1 0 1 0 0 0 1 1 1 0 1 0 0 1 0 0 1 1 1 1 0 1 1 0 0 1 1 1 0 1 0 1 1 0 1 0 1 0 1 1 1 1 0 1 0 1 1 1 1
bool 60 1 1 0 1 1 0 0 1 0 1 1 1 1 1 0 1 0 0 0 1 1 1 0 0 1 0 0 0 1 1 1 1 0 0 1 0 1 1 1 1 1 1 1 1 0 1 0 0 1 0 1 0 0 0 1 1 1 1 1 1
double 60 1.08 0.39 0.27 1.67 0.15 1.3 1.97 1.81 1.59 0.94 1.54 1.34 1.69 0.2 0.58 0.84 0.13 1.66 0.97 0.03 1.32 0.54 0.04 1.81 1.73 0.79 0.29 0.69 1.86 1.51 0.07 0.94 0.25 1.37 0.05 1.32 0.67 0.92 1.15 0.34 0.75 1.52 0.03 0.86 1.21 1.93 1.5 1.51 0.73 0.84 0.21 1.28 0.07 0.98 0.01 1.26 0.98 1.44 0.25 1.11
double 60 0.92 0.01 1.16 1.14 1.84 1.81 1.87 1.44 1.06 0.66 0.86 0.82 0.1 1.01 1.46 0.85 0.44 0.79 1.59 1.54 0.69 0.58 1.73 0.23 1.6 0.72 0.28 0.39 1.78 0.66 1.82 1.34 0.57 0.07 0.29 1.29 0.33 1.69 1.32 1.03 0.76 1.52 1.81 1.83 0.24 0.19 0.56 0.74 1.71 0.84 0.16 1.7 0.2 0.23 0.84 0.87 1.66 1.48 1.83 0.88
bool 64 0 1 0 1 0 0 0 0 0 1 1 1 0 1 1 0 0 1 0 0 1 1 1 1 0 1 1 0 1 1 1 1 1 1 1 0 0 1 0 1 0 1 1 0 1 1 0 0 1 0 0 1 1 0 0 1 0 1 1 0 0 1 0 1
int 64 3 7 5 15 2 7 10 8 7 3 9 11 6 14 18 20 10 13 6 6 3 20 15 19 12 11 1 11 7 17 18 17 4 20 20 15 5 8 14 10 3 10 5 2 10 1 9 9 4 8 20 9 3 13 7 11 9 7 15 20 1 19 16 18
char 65 i p t n m f s r d d i c l o p j a n t j j r f j h a o b b n s c d n e l f d a n q d f p s j s i e q m r s d t g h i s g o c g t j
int 66 13 14 10 18 6 18 9 10 5 3 13 7 8 9 9 8 12 8 20 15 13 9 16 20 18 16 4 19 12 7 8 14 15 16 6 11 14 17 2 1 1 15 8 10 10 8 6 15 5 15 12 6 17 20 12 17 3 13 6 3 2 14 2 11 12 18
bool 66 1 0 0 1 1 1 1 1 1 0 0 0 1 1 0 1 0 1 0 0 0 0 0 0 1 0 1 1 1 1 0 1 0 0 1 1 1 0 0 1 1 0 0 0 1 0 0 1 1 1 1 1 1 0 1 1 0 1 0 1 0 0 1 0 1 1
double 67 0.61 0.99 1.39 1.99 0.72 0.24 0.5 1.43 1.34 0.68 0.24 1.28 0.09 1.49 0.32 1.02 1.28 0.21 0.18 0.17 0.95 1.18 0.86 0.5 0.67 1.79 1.12 0.27 1.46 1.48 1.7 1.7 0.69 0.83 0.86 0.3 0.59 1.98 0.9 1.4 1.47 0.76 1.59 1.4 0.74 1.16 1.24 1.33 1.9 1.93 1.18 1.55 0.25 0.89 0.07 1.58 0.18 1.91 0.77 0.78 0.03 1.32 1.1 0.12 1.23 1.65 0.52
char 67 p k i a p f i d b o e p g m l s e c f j t o g q k i f o s a g h a d m k s m g e l g n i h j d h a t f f p l c c p n s q d b p f g k g
bool 70 1 1 0 1 1 1 0 1 0 0 0 0 1 1 1 0 0 0 1 1 0 0 1 1 0 0 1 0 1 0 0 1 1 0 1 0 1 0 1 0 1 0 1 0 0 0 0 0 1 1 0 1 1 0 1 1 0 0 1 0 0 1 0 0 1 1 1 1 0 0
char 70 o i a p t m r h q c k q j c r b c n g m m o b a l p s a j f g h r k g l k n f k s c e j h j t g t n i a b l c b h f d f q l g l a e d n a d
char 72 k l l d q n e g b h q b d p r m r c i o k g b k i l n b g e g c g m j s t b q n i p d f k d k f o s f i g l r o c k k t l t l r h d m b o o d e
int 73 13 11 13 18 1 2 15 8 1 5 18 9 7 12 17 13 3 2 5 18 8 18 13 19 12 3 6 1 6 13 6 16 16 3 4 3 3 7 13 1 6 2 17 14 6 4 6 13 17 14 15 18 17 2 4 2 17 13 8 20 12 15 20 20 20 5 14 6 7 17 12 19 15
char 73 a e e s l k s r g d t n k c b f o f i e b o h n b i q o q j i r f q b g d f a q n f e a l r c r q l i j e h s m p h b j m k o n l k p p q j m n q
int 74 9 17 12 15 9 2 13 4 17 17 2 2 2 17 5 9 15 20 9 15 14 14 16 4 11 8 9 4 13 2 2 20 16 8 17 3 13 2 1 3 3 18 8 13 10 6 4 1 18 11 12 9 1 14 8 15 15 9 17 20 17 19 5 20 1 19 10 16 3 8 8 3 16 9
int 75 6 3 7 1 18 16 20 15 2 18 16 14 20 16 16 16 9 8 14 6 6 18 17 19 18 13 9 4 13 20 19 11 7 4 15 5 13 15 17 18 11 3 10 9 8 20 12 2 10 5 4 3 19 20 16 2 2 15 17 5 16 19 4 3 10 15 7 3 10 4 17 17 12 6 17
double 75 0.38 1.5 1.72 0.05 0.26 0.82 1.19 0.34 1.83 0.76 1.41 0.26 0.79 0.99 1.83 0.83 1.59 0.62 1.39 1.55 0.17 1.32 1.92 1.99 0.66 0.94 0.12 1.07 1.5 1.63 1.86 0.25 0.59 1.9 1.17 1.57 1.32 0.61 1.31 0.02 0.87 1.56 0.39 0.07 1.24 0.49 0.83 0.75 1.3 0.1 0.93 0.13 0.67 0.33 0.92 1.14 0.77 0.97 0.31 0.31 1.31 0.15 0.42 0.72 0.14 1.66 1.41 1.57 0.27 1.5 1.16 1.03 0.57 1.18 1.01
bool 76 0 1 0 0 1 0 0 1 0 0 0 0 1 0 1 0 0 0 0 0 1 0 0 1 1 1 1 1 0 0 1 1 0 0 1 1 0 0 1 0 1 1 1 1 1 0 0 0 1 1 0 1 0 0 0 1 0 1 0 1 0 0 1 1 1 1 1 0 0 0 0 1 0 0 1 1
int 76 5 6 3 12 17 2 3 12 18 15 5 16 8 9 20 9 12 15 17 14 8 9 16 20 14 9 1 12 13 13 10 4 13 9 7 14 2 15 8 19 19 1 20 11 15 14 20 20 19 15 5 7 18 13 1 5 4 8 16 9 11 11 20 14 12 17 5 12 8 20 14 10 19 10 1 4
bool 78 1 1 1 1 0 1 1 1 0 0 1 0 0 0 1 0 1 1 1 0 0 1 1 1 0 1 0 1 0 0 0 0 1 0 1 1 1 1 1 1 1 1 0 1 0 0 0 1 1 0 0 1 0 0 0 0 1 1 1 0 1 1 0 0 0 0 0 1 0 1 0 1 1 0 0 1 1 0
char 78 m f r a q f g g s i b o r o j d l o l e o d q p i p a b g q b a l b b h s l l f k h o n a d t a b m n l j i a e h m e b m d j s f a p t o t g g c t k j j q
double 78 0.13 1.49 0.38 1.84 0.33 1.54 0.72 1.86 1.22 0.41 1.03 0.14 1.68 1.15 0.59 1.24 0.98 1.81 1.36 1.68 0.21 1.1 0.81 1.2 1.42 0.19 0.76 0.72 0.07 0.07 0.19 1.81 0.18 1.21 1.29 1.43 1.04 0.28 1.44 0.02 0.28 1.89 1.42 1.6 0.12 0.08 1.98 1.28 0.17 1.92 0.63 0.37 0.85 1.08 0.74 0.73 1.16 1.29 0.81 0.29 1.81 0.3 0.75 0.78 0.75 1.37 1.96 1.51 1.07 1.17 0.1 1.6 1.46 0.1 0.07 1.19 1.04 1.32
bool 79 0 0 0 1 1 1 1 0 0 1 1 0 1 1 0 1 1 0 1 1 0 1 0 0 1 1 1 0 1 1 1 0 0 1 1 1 0 1 0 1 0 1 1 0 0 1 1 0 0 0 0 1 1 0 0 1 0 1 0 0 0 0 0 1 0 0 1 0 0 0 0 0 0 1 0 0 1 1 0
bool 81 0 0 1 0 0 1 1 0 1 1 0 1 0 1 0 1 0 1 1 0 1 1 0 0 0 0 1 0 0 0 0 1 0 1 1 1 1 1 1 0 0 0 0 0 1 0 0 1 1 1 0 1 1 1 1 1 0 0 1 1 0 1 1 0 0 1 0 0 0 1 0 0 0 1 0 1 1 1 0 0 0
int 83 3 10 6 4 7 17 10 12 1 3 4 12 5 1 20 18 1 13 9 14 14 1 19 3 13 7 7 3 8 13 12 6 5 18 5 7 3 4 11 18 13 7 6 8 18 10 17 19 3 4 19 10 5 14 17 16 9 19 13 17 17 12 1 17 6 14 12 16 14 8 9 1 17 10 20 1 4 16 2 13 3 1 18
bool 83 0 1 0 0 0 1 0 0 1 1 0 1 1 1 1 1 1 1 1 1 0 0 0 1 1 0 0 1 0 1 1 1 1 0 1 0 0 1 0 1 0 0 0 0 1 0 1 0 1 0 0 1 1 0 0 1 0 0 1 1 0 1 0 1 0 1 1 1 0 0 1 1 1 1 0 0 0 0 0 1 0 1 0
int 84 12 4 8 6 20 13 9 3 16 1 16 11 13 19 14 5 4 5 7 12 20 16 17 5 7 13 15 12 18 6 8 1 4 8 2 11 4 1 19 17 18 16 4 8 16 6 2 13 13 18 8 17 10 20 13 5 12 3 12 9 14 18 5 9 11 17 11 14 6 6 1 7 20 18 10 15 19 11 6 3 1 18 1 6
double 89 1.54 1.93 0.22 0.77 0.16 1.95 0.67 0.59 1.89 0.72 1.94 0.24 1.91 1.81 1.1 0.74 0.45 1.08 1.41 0.2 0.96 1.03 1.08 0.93 0.99 1.73 0.36 1.56 0.7 0.41 0.13 0.66 1.17 1.53 1.47 1.79 0.5 1.34 0.42 0.95 0.75 1.93 1.34 0.67 0.43 1.77 1.04 1.31 0.41 0.04 0.67 0.23 1.04 1.77 0.58 1.63 1.12 1.89 1.95 0.44 1.92 0.13 0.11 0.08 0.26 1.44 1.63 1.74 0.01 1.91 0.54 0.61 0.29 1.51 1.39 0.95 0.26 1.07 0.77 1.69 0.13 0.2 1.42 1.23 1.12 1.96 1.28 1.21 0.72
double 89 1.49 0.49 1.03 1.15 1.54 0.33 1.33 1.19 0.56 0.78 0.08 1.96 1.29 0.45 0.58 0.99 0.46 0.55 0.49 1.52 0.41 1.57 1.32 0.91 1.54 0.72 1.23 0.26 1.7 0.15 0.58 1.36 1.57 0.89 0.56 0.51 1.6 1.42 1.1 0.88 1.06 1.11 1.84 0.49 0.54 1.72 0.52 1.06 1.27 0.57 1.87 1.09 0.49 1.75 1.71 1.62 1.86 0.59 1.84 1.64 1.6 0.13 0.2 0.8 0.1 0.56 0.87 0.08 0.92 0.27 0.11 1.49 0.48 1.43 1.11 0.85 0.95 1.67 0.02 1.54 1.71 1.42 1.91 0.79 1.53 0.84 0.3 1.84 0.71
char 90 f a m j t t b a i k i b f c p b t c t b e o c q m t h s n o c d i r q q i k d f p l l o g k b c m t s r m d b c q m r c r r r p l k q j o n n g t f k e o e q b j f c d r p o k a o
bool 91 1 1 1 0 0 1 0 1 1 0 0 0 1 1 1 0 0 1 1 1 1 0 1 1 1 1 0 0 1 0 1 1 1 1 1 1 1 0 0 1 1 0 1 0 0 1 1 1 1 0 1 0 0 0 1 1 0 0 1 0 1 1 1 0 1 0 0 0 0 0 0 1 1 0 0 0 1 1 0 0 1 1 1 1 1 1 1 1 0 1 1
bool 92 1 0 1 1 0 1 1 0 0 1 1 1 1 0 1 1 1 1 1 1 1 0 1 0 1 0 0 1 1 1 1 1 1 1 0 0 1 1 0 1 1 0 0 1 1 1 0 0 1 0 1 0 1 0 1 0 0 0 1 0 1 1 1 0 0 0 0 0 0 0 0 1 0 1 0 0 1 0 0 1 0 0 0 0 0 1 1 0 1 1 0 1
char 93 c j p o c s j s r r b t c k a q e i j t k d j m j i q m f s p k r h c f m c s f t o h h t k a d o t t f n s g a b e o f j g j t o q p f e h r r m g d t s t c o o q t q q e h s d g h s a
char 94 j j g m s r d c h h s l e a r f n j t o k g f t e s d p l j q b b d h k f o j i q b e t n a t e c f p a r a d i b g n k r k j b m f h f l o a g c s e o e t g n b q t a c a a l h r p e h f
int 94 18 11 16 3 7 18 2 12 15 14 4 4 15 18 14 19 3 13 1 15 17 9 19 5 18 17 9 17 8 9 2 3 4 20 2 17 10 12 14 8 17 15 11 2 9 9 7 20 7 20 11 2 18 17 18 4 13 20 17 12 13 11 20 19 20 6 9 13 4 1 17 6 19 17 17 9 2 14 16 12 6 8 8 3 19 15 10 9 8 4 20 9 13 6
char 95 i o o m s c e j l q f t n n i i r t i m o k m j a a o o q r a m h r d c r m p g l n n n t s g k d c j p t p k t a i r n q e d h j q q g a m b l s j e p g l j m f h i s g k n f p n l t f h q
char 96 g n m n f e j n m d s o g l q a h m h j c e i j t b h i a k l j n c j n h c e p q t b b n a h r a l o a k k r m b d g n n g e j f q p k g t g t e e a r h k j k r j n n e h l l a t p c c s a q
char 96 b p o l q p c n c e r o p l p m c e c a f i l e r f i b m m t d p g r h e e h o l g g t s a a l a k t l k n n e j j p d h d a e a f c e m f t l k h t f h p g d o c t r l p n r k i p d l s p r
bool 97 1 1 1 0 1 0 1 1 1 1 1 1 1 1 0 1 0 1 0 1 0 1 0 0 0 0 1 0 1 0 1 1 1 1 0 0 0 0 1 0 1 0 0 0 0 0 1 0 0 0 1 0 1 0 0 0 1 0 1 0 0 0 0 1 0 0 1 1 0 1 1 0 1 0 1 1 1 0 0 1 1 0 0 1 1 1 0 1 1 1 1 1 1 0 0 1 0
double 99 0.79 0.26 1.63 1.28 1.76 1.31 0.3 0.98 1.13 1.78 1.17 0.34 1.15 0.95 1.2 1.96 1.47 0.74 0.23 0.31 1.28 0.31 0.2 1.31 1.37 0.86 1.27 1.57 0.78 0.18 1.32 0.52 0.18 0.51 0.63 0.29 0.22 1.06 0.37 1.71 1.23 0.28 0.01 0.76 0.6 0.52 0.39 1.55 0.66 1.6 0.3 1.29 1.23 0.03 0.52 0.76 0.19 0.99 1.04 1.57 1.35 1.82 1.36 0.91 1.42 1.25 1.76 0.85 0.23 1.97 0.16 1.88 0.44 1.68 0.74 1.26 0.33 0.99 0.26 0.74 1.58 1.87 0.76 0.36 1.52 1.33 1.95 1.84 0.85 0.35 0.34 0.97 0.79 0.35 0.22 1.82 1.03 0.9 0.17
bool 100 1 1 1 1 1 1 1 1 1 1 0 0 0 1 1 1 0 1 1 0 1 0 0 0 1 1 1 1 1 0 0 0 0 0 1 1 1 1 1 1 1 1 0 1 1 0 0 1 0 1 1 1 0 1 0 0 0 1 0 1 0 1 1 0 0 1 1 0 1 1 1 0 1 1 0 0 1 1 0 0 1 1 1 1 1 1 0 0 0 0 0 1 0 0 1 0 1 1 1 1
int 101 11 19 19 13 8 10 19 2 11 17 12 3 5 19 20 14 12 12 13 12 18 2 5 1 18 9 17 16 9 18 6 16 9 5 14 8 16 8 20 19 2 6 15 1 6 12 13 20 12 16 13 12 18 10 13 10 6 3 19 20 15 12 1 19 8 13 8 9 4 13 15 15 6 18 14 7 19 15 14 15 17 15 6 4 9 7 10 8 5 15 4 9 13 15 14 15 14 19 12 15 14
int 101 14 10 3 5 10 9 11 9 3 18 4 5 5 15 9 18 2 4 18 6 20 10 6 18 10 11 7 8 4 10 14 9 8 19 12 16 15 2 20 14 8 18 16 4 4 6 6 20 16 17 16 3 3 19 4 13 1 18 15 20 3 11 7 4 5 1 10 8 14 2 15 4 16 11 13 3 18 11 9 5 19 10 7 13 8 20 12 10 9 20 14 17 17 11 15 9 11 15 4 8 20
bool 101 1 0 0 1 0 0 0 1 1 1 1 0 1 1 0 1 0 1 0 1 1 1 0 0 0 0 0 1 1 0 0 1 0 0 0 0 0 0 1 1 0 1 0 1 1 1 1 0 1 1 0 1 0 0 0 0 1 0 1 1 1 0 0 0 0 0 0 1 0 0 1 0 1 0 0 1 1 1 1 1 0 0 1 1 0 1 0 1 0 0 0 0 0 1 1 0 1 1 1 0 1
int 102 7 5 12 3 6 12 10 15 3 9 5 6 20 9 4 2 20 12 13 1 18 11 10 17 6 7 6 1 6 13 2 10 8 17 5 10 4 9 3 1 16 10 7 9 19 1 13 20 4 7 15 6 3 4 6 14 7 20 6 12 16 20 18 1 9 1 5 4 1 15 12 5 1 9 18 18 2 13 6 3 20 15 6 18 16 3 14 8 10 12 1 15 2 10 3 12 18 4 6 3 15 1
double 103 1.42 0.9 0.55 0.13 0.22 1.6 0.85 1.95 0.06 0.25 1.99 1.82 0.46 1.51 1.37 1.22 0.52 0.42 1.04 1.85 1.82 1.28 1.51 1.48 0.7 0.53 1.34 1.08 1.98 0.82 0.61 0.35 1.9 1.8 0.03 0 1.51 1.98 1 0.8 1.27 0.27 0.17 0.67 0.87 1.75 1.28 0.3 0.75 1.63 1.99 0.23 1.19 1.41 0.41 1.71 0.51 1.8 1.8 0.97 1.88 0.56 0.76 0.83 1.87 1.03 1.02 1.12 1.18 1.16 0.8 1.42 1.4 0.11 1.04 0.52 0.13 0.76 0.58 1.5 0.48 1.62 0.79 1.22 0.1 1.48 1.42 0.3 1.82 1.07 0.83 0.37 0.63 1.11 1.32 0 0.13 0.62 0.62 0.29 0.99 1.03 1.02
bool 103 0 1 1 0 1 1 1 0 0 1 1 0 0 0 0 0 0 0 0 1 0 1 1 0 1 1 1 0 0 0 0 0 1 1 1 0 0 0 0 0 0 1 0 1 0 1 0 0 0 1 1 1 0 1 0 1 0 0 1 0 1 1 1 1 0 1 1 0 0 0 1 1 0 0 0 1 1 0 0 0 1 0 1 1 0 1 0 0 1 0 1 1 0 1 1 0 1 1 1 0 0 0 1
char 103 k f p c m k n j o d n q j k a e k n g e s c a j r s b c o r t l m d q k f g f k t q c e j g g h e s a i t s s e o b g l j e e r n o t s b i b c a m s b d o l r f p b d l q s o o d c a j o l l d g c p i t e
int 105 10 8 7 14 16 4 8 13 20 8 12 4 15 12 11 15 5 19 13 10 12 3 7 1 14 10 1 14 8 1 11 8 4 8 12 2 17 6 2 9 9 15 8 7 13 18 1 15 5 13 13 13 10 19 11 7 5 15 14 14 17 18 6 6 12 3 14 18 19 12 4 17 11 15 18 2 8 9 9 17 5 3 16 2 17 5 10 5 8 5 15 18 17 13 10 3 16 7 5 16 17 9 10 17 17
char 107 s q s c d b k s m a i j k a a h p c f g d s s e s b o s f k h e l k o p c c b h s e f g h t h a m d a s i r i e h p f b n q r i s n d g k j r q i r e t n l n p g r q a r p b p e j a m m i h b b e f b p a i r e l a
char 108 f n q m q e t c n n h j b m k s b f g d q n b o s h j p m m j a c q n j n o q n g d t e s e c e o g s s r k f d j i e k s f r b p k h k e p j g b g k m k e q p a h e j g p e m k j s f f k p n j g m c k s j b n p o i
char 108 l c j b b r l j n e s s e b a p e t t i b k q j d t b t s j j k d g t g d i h d b s h o n r p p m k q s o p t m e d p b n i g a b q d l f g h l r t l j d g b m l h e h q h q q e n i q j c o r e a t g h l a k g d g a
int 109 10 17 12 7 20 8 8 9 6 13 5 14 17 4 12 15 16 9 20 10 7 17 20 5 10 11 7 12 3 19 10 16 2 11 15 1 4 4 5 19 3 14 10 12 15 17 4 7 8 12 20 6 19 15 1 5 12 20 5 2 14 9 5 6 14 12 19 15 9 11 8 2 11 5 3 11 4 6 14 7 6 5 12 6 4 20 6 2 17 15 9 10 11 9 11 8 15 18 9 5 16 3 18 4 3 15 9 11 7
