int 10 9 9 14 19 2 16 14 6 15 4
bool 10 0 0 1 1 0 0 0 0 1 0
bool 11 1 1 0 1 1 0 1 0 1 0 0
char 12 a o e p j h p n j a p p
int 12 14 12 1 3 14 18 12 9 10 14 18 5
char 13 k e p r l k g k n n f a c
bool 14 0 1 1 0 1 1 1 0 0 0 1 1 0 1
int 14 15 8 1 15 1 17 16 4 9 6 12 13 5 17
char 14 t b f j s n a j k r g s d s
int 15 1 10 6 8 3 20 18 17 9 3 10 20 9 4 18
int 15 13 7 2 18 17 16 11 15 16 2 13 14 8 13 5
int 16 11 16 16 5 15 4 19 13 13 17 15 1 1 11 9 2
bool 17 0 1 1 0 0 0 1 0 0 0 0 0 1 1 1 0 0
int 18 12 18 20 7 17 17 15 15 15 16 18 7 18 18 1 13 12 12
char 18 i t t d r m n s n p l p e c m t l p
bool 21 0 1 0 0 0 1 0 0 0 1 1 0 0 1 1 1 0 0 0 0 1
double 22 1.57 1.16 1.82 1.42 1.62 0.08 0.4 1.05 1.7 0.06 0.01 1.19 0.2 1.62 1.17 1.35 1.52 0.94 0.35 0.1 0.31 1.63
bool 22 1 0 0 0 1 0 0 1 1 1 1 0 0 0 1 0 1 0 1 1 1 0
double 23 1.15 1.35 1.77 1.34 0.67 0.74 1.8 1.9 0.96 0.06 0.81 0.43 0.72 1.55 0.38 1.75 0.2 1.75 1.86 1.97 1.05 1.37 1.95
bool 23 1 0 1 0 0 1 1 1 1 1 0 1 1 1 0 1 0 1 1 1 0 1 0
double 23 1.35 0.7 1.63 1.79 1.58 0.39 0.59 1.45 1.23 1.48 1.44 1.77 1.37 0.91 0.42 0.98 1.77 0.04 1.82 1.56 1.75 1.33 0.1
bool 25 1 0 1 0 1 1 1 0 0 0 0 1 0 1 1 1 1 0 0 0 0 1 0 1 0
double 27 1.11 0.36 0.62 0.6 0.69 1.14 0.78 0.66 1.57 0.99 0.5 0.19 0.98 0.43 1.68 1.76 1.01 0.46 0.88 1.2 0.81 0.49 1.11 1.47 0.44 0.76 1.96
double 29 1.1 0 1.36 1.78 0.38 0.93 1.15 1.15 1.72 0.47 1.43 1.51 1.39 1.95 0.26 0.14 0.85 0.19 0.8 0.98 0.56 0.09 0.89 0.45 1.65 0.76 1.51 0.41 1.73
bool 30 0 1 0 1 0 0 1 0 1 1 1 0 1 1 0 0 0 0 1 1 0 0 1 0 0 1 1 1 1 1
bool 31 0 0 1 1 0 1 1 1 1 1 0 1 0 0 1 1 0 1 1 1 0 1 0 0 1 0 0 1 1 0 1
bool 31 1 0 1 0 0 1 0 0 1 0 0 1 0 1 0 0 0 0 0 0 0 1 1 0 0 1 0 0 0 0 1
bool 34 0 1 1 0 1 1 0 1 0 1 1 1 1 1 1 0 0 1 0 1 1 1 1 0 1 1 0 0 0 1 1 1 1 0
bool 36 0 1 0 1 0 1 1 1 0 0 0 0 0 0 1 1 1 0 1 1 0 1 0 0 1 0 0 1 1 0 1 0 1 0 0 0
int 37 7 2 12 4 15 5 16 11 14 10 11 1 17 20 13 18 10 18 4 13 5 3 16 4 16 13 12 5 6 4 13 9 1 3 19 14 6
char 39 a t c g h r q s n j o j q f s t r e a q s r n c t h b e a c a i a e m q g j i
int 41 9 10 10 10 7 1 20 11 3 14 11 16 9 13 16 16 11 5 8 13 20 14 17 18 16 20 5 14 19 17 2 17 10 5 7 19 1 1 18 12 10
int 42 17 15 4 6 16 12 10 4 17 11 10 14 16 14 15 15 2 20 18 17 5 10 4 8 12 1 14 13 6 6 5 3 11 19 1 6 13 9 15 11 16 5
bool 43 0 1 1 0 1 0 0 1 0 1 0 1 1 0 0 1 1 0 1 0 1 1 1 1 1 0 0 1 1 1 0 0 1 0 1 0 0 0 0 1 0 1 0
char 43 s o c t q s d o d t m k m m n i t b n h h t g l q k r o r o d e t o j m f c t q l m s
double 45 1.19 0.14 0.57 1.42 1.06 0.15 0.4 0.5 1.99 0.68 0.24 1.12 1.61 0.54 0.41 1.15 1.16 1.97 0.55 0.35 1.66 1.65 0.4 0.42 1.56 1.66 1.95 1.64 1.15 0.39 1.95 0.57 1.97 0.29 0.9 0.01 0.9 0.22 1.07 0.03 0.33 0.25 0.55 0.33 1.98
bool 46 0 0 1 1 0 1 1 1 0 1 0 0 0 0 0 1 1 1 1 0 0 0 1 0 0 0 1 1 0 0 1 1 0 0 0 0 0 1 0 1 0 0 1 1 0 1
bool 46 0 1 0 0 1 1 0 1 0 1 0 1 0 0 0 1 1 0 0 1 1 1 0 0 0 0 0 0 0 0 1 1 0 1 1 0 0 1 0 0 0 1 0 1 0 1
char 49 k p b b g j k b j c q k a j b s p e e k b h d m a n h p r c r a q t h a q a e e e t p k d l l f l
char 50 q k g k e p m d t l c c m t i i s q b h g e h a l p j a l b h a p g o i h h n q m p h b t r g e b d
double 51 0.81 1.55 1.47 1.21 1.56 0.66 0.8 0.35 1.75 0.47 0.79 1.14 1.35 1.93 0.35 1.49 1.79 0.46 1.43 1.86 1.58 0.51 1.12 0.69 1.48 0.97 1.66 1.16 0.85 1.29 1.61 1.61 0.33 0.56 0.84 0.55 0.71 1.64 0.87 1.73 1.1 1.76 1.21 1.84 0.65 0.2 1.6 1.43 1.72 0.37 1.95
double 51 0.51 1.79 1.54 1.91 1.55 0.35 0.7 1.55 0.3 1.28 1.67 0.74 0.18 0.4 0.9 0.81 0.99 0.75 1.43 1.7 0.65 0.62 1.13 1.71 1.37 0.91 1.34 0.33 0.46 1.03 0.19 0.35 0.98 0.16 0.88 1.16 0.59 1.21 0.16 1.01 1.53 1.1 0.57 1.64 0.78 0.75 0.24 1.31 0.84 1.71 1.06
double 51 0.98 0.95 1.57 0.87 0.5 0.4 1.23 1.4 1.87 0.57 0.33 0.7 1.85 0.51 1.66 1.8 1.18 1.27 1.58 0.61 0.08 0.3 0.66 1.69 0.29 0.42 1.02 1.06 0.79 0.53 1.22 1.53 0.92 1.03 0.38 0.49 0.15 0.88 1.86 1.63 1.05 0.76 0.38 1.73 0.68 1.81 0.55 1.32 1.64 1.65 0.22
int 54 1 20 7 8 6 2 4 6 19 20 15 5 12 4 10 5 2 1 8 3 15 4 7 3 18 2 17 2 19 13 1 19 14 7 5 16 15 6 2 6 5 9 13 3 7 18 5 6 9 2 5 10 3 3
int 54 11 5 7 11 3 15 17 15 8 20 16 19 15 18 2 12 2 10 1 5 11 7 8 9 10 4 12 17 3 12 19 6 7 16 14 16 4 16 16 11 6 17 3 17 5 19 14 19 19 6 16 2 16 2
char 54 k j s l o s s r q j r i b o n g c t t q n m e s r t o i p j p c b e m k s m m o t r b j c c b o b a k s k b
int 56 11 15 13 16 13 2 8 13 9 9 20 18 18 3 6 9 18 19 14 7 13 8 7 15 18 18 20 8 3 6 1 1 16 7 16 8 18 7 18 17 5 12 11 17 5 15 1 13 14 18 6 15 18 8 9 6
char 57 m i q o e t n h l p g t l t k r k j s s l q n n p h c e b i i r a t i e t e p q i h g d s s l o g s l c r q l o q
char 61 j c b p p e j j g s e a n d g m c g i g p c i t i t h h r l p c h g t q r g r m i p t i j c h m s g e f t b k i r q o i t
char 62 m b k e a t i t p o a j t n n k a g l j b o m d n t i e m b a n m s b n n s o j n k c n f i j r r s i q n n g n p g i h s i
bool 64 0 0 0 0 0 1 1 0 0 0 0 0 1 1 0 1 0 0 0 0 1 0 1 0 1 0 0 1 1 1 1 1 0 1 0 0 0 1 0 0 1 0 1 0 0 0 1 1 1 1 0 1 0 0 1 1 1 1 0 0 1 1 0 1
int 64 15 17 6 14 5 14 20 2 4 7 8 6 1 4 7 5 5 14 11 19 14 7 10 16 19 19 3 19 5 2 1 11 5 18 17 17 18 8 17 6 7 8 1 10 17 8 17 14 20 9 4 19 5 14 11 12 7 2 7 14 10 19 13 3
bool 68 0 1 0 1 0 0 0 1 0 0 1 1 1 1 1 1 0 0 0 1 0 0 0 1 0 0 1 1 1 0 0 1 0 1 0 1 1 0 0 1 1 0 0 1 1 0 0 1 0 1 0 0 0 0 0 1 0 0 1 0 0 0 1 0 0 0 1 0
bool 69 1 0 0 1 0 1 0 0 1 1 1 0 1 1 1 1 1 0 0 1 1 0 0 0 1 1 1 0 0 0 0 1 1 1 1 1 1 1 0 0 1 0 0 0 1 0 0 1 1 1 1 1 1 1 1 1 0 1 0 1 0 0 1 0 1 1 0 0 1
bool 71 1 1 1 0 1 1 1 0 0 0 1 0 0 0 1 0 0 0 0 1 0 1 0 0 0 1 1 0 1 0 0 1 1 1 0 1 0 1 1 0 0 1 0 1 1 0 1 0 1 0 1 1 1 1 0 1 0 1 1 0 1 1 1 0 0 0 1 0 1 0 1
double 71 1.19 0.42 1.04 1.04 1.14 1.43 1.38 0.47 1.61 1.48 1.34 0.87 0.74 1.33 1.53 1.09 1.4 0.27 0.86 0.62 1.64 1.97 0.98 0.99 0.42 0.89 0.8 1.69 1.96 1.96 0.12 1.74 0.91 1.88 0.13 0.22 1.63 0.92 0.91 1.09 0.65 0.19 1.89 1.5 0.36 0.52 1.81 1.53 1.69 0.36 1.28 0.29 1.44 1.86 0.51 0.86 0.02 0.85 1.06 1.15 1.57 1.99 1.78 1.38 0.36 1.02 1.56 0.32 1.86 1.51 1.06
char 72 k l l d q n e g b h q b d p r m r c i o k g b k i l n b g e g c g m j s t b q n i p d f k d k f o s f i g l r o c k k t l t l r h d m b o o d e
bool 73 0 1 1 0 1 0 1 1 0 0 1 1 1 1 1 0 1 1 0 0 1 1 0 0 0 1 0 1 0 0 1 0 1 0 1 0 0 1 0 1 0 1 0 1 1 0 0 1 0 1 1 1 1 0 1 0 0 0 0 0 0 0 1 1 0 1 0 0 1 1 0 0 1
int 73 13 11 13 18 1 2 15 8 1 5 18 9 7 12 17 13 3 2 5 18 8 18 13 19 12 3 6 1 6 13 6 16 16 3 4 3 3 7 13 1 6 2 17 14 6 4 6 13 17 14 15 18 17 2 4 2 17 13 8 20 12 15 20 20 20 5 14 6 7 17 12 19 15
int 73 18 15 9 10 7 14 13 1 17 18 12 18 1 18 9 20 11 14 10 5 6 20 4 16 5 13 18 7 4 5 13 10 8 10 11 19 4 17 19 20 19 1 6 16 4 10 6 19 8 3 2 12 10 20 18 5 9 14 5 20 10 3 14 8 14 10 9 15 20 5 10 15 20
double 77 0.55 0.27 0 0.78 0.21 0.22 0.81 1.53 1.45 0.48 1.58 1.8 0.35 1.22 0.4 0.49 0.55 1.76 1.81 1.93 0.18 1.65 0.3 0.42 0.91 0.52 1.94 1.05 1.57 1.06 0.65 1.45 0.72 1.41 1.33 0.8 0.21 0.42 0.31 1.51 0.34 1.13 1.71 0.21 0.33 1.71 1.64 1.11 1.98 0.52 0.49 0.57 0.89 1.29 0.84 1.05 1.93 1.66 1.76 1.95 0.93 0.19 1.49 1.78 0.01 0.66 0.84 1.19 1.66 0.36 1.22 1.67 1.49 0.78 0.83 1.13 0.78
double 78 0.49 1.94 1.37 1.57 1.6 0.38 1.62 0.93 1.23 0.79 0.09 1.2 0.18 0.02 0.44 1.19 1.11 0.23 1.03 1.46 0.54 1.16 1.36 0.01 1.34 0.14 0.15 0.31 0.89 1.51 0.22 0.13 0.37 0.8 1.59 0.39 1.38 1.44 1.08 1.17 1.92 1.84 0.75 1.76 0.4 0.04 1.71 1.38 1.28 1.23 1.64 1.1 0.36 0.94 0.57 0.05 1.27 1.21 1.27 0.29 1.53 1.38 0.51 1.58 0.61 1.51 1.97 1.91 0.11 1.23 1.63 0.92 1.94 1.29 0.21 0.03 1.65 0.53
char 79 l b d f s p j t g f c s k f r a r t m e e g l f f r s i q l i c t r a j d t m k j i e n l i i a h t f p q f n q f o e r g h n g g q q o d o b j r k o t n m k
char 79 p i c r g e p o h o q c e j l a o m q o f d r k k b e p m a g s i b r k p m t j m t i h o j j k t m n p n i r p e f n r b s i l l d f g d m a b i j i d p r d
char 80 o t s d o e l o h r t h l g p p e r t i e c l g r f h h e c m f d a d b j h d p a j b f k d g k b g a n p d o q i q r r k c g g b m f q a g d n b b f k g k j p
int 81 2 17 14 11 18 3 8 7 17 4 7 11 7 7 2 12 4 9 9 6 12 9 12 7 1 12 8 1 12 1 18 15 20 5 11 15 13 13 11 20 18 17 3 17 15 11 2 12 8 11 6 20 8 11 4 7 6 16 7 1 9 2 10 19 16 18 20 7 9 3 5 11 20 4 3 14 9 8 12 5 4
int 81 10 2 8 4 14 17 20 3 1 16 18 20 3 15 10 12 14 13 15 15 20 15 12 20 6 1 19 7 4 16 4 2 16 9 9 10 15 12 14 2 16 4 13 14 18 15 20 3 13 20 16 5 7 12 5 20 4 11 9 11 5 13 2 13 12 7 15 7 8 5 5 1 4 17 9 5 2 9 11 7 17
int 83 3 10 6 4 7 17 10 12 1 3 4 12 5 1 20 18 1 13 9 14 14 1 19 3 13 7 7 3 8 13 12 6 5 18 5 7 3 4 11 18 13 7 6 8 18 10 17 19 3 4 19 10 5 14 17 16 9 19 13 17 17 12 1 17 6 14 12 16 14 8 9 1 17 10 20 1 4 16 2 13 3 1 18
bool 84 0 0 0 0 1 0 0 1 1 0 1 1 1 1 0 0 1 1 0 0 0 1 1 0 1 1 1 0 1 1 1 0 1 0 0 1 1 1 0 0 0 1 1 0 0 0 1 0 0 1 1 0 1 1 1 0 0 0 0 1 0 0 0 1 1 1 0 0 0 0 1 1 1 0 1 0 1 0 0 1 1 1 0 1
int 84 12 4 8 6 20 13 9 3 16 1 16 11 13 19 14 5 4 5 7 12 20 16 17 5 7 13 15 12 18 6 8 1 4 8 2 11 4 1 19 17 18 16 4 8 16 6 2 13 13 18 8 17 10 20 13 5 12 3 12 9 14 18 5 9 11 17 11 14 6 6 1 7 20 18 10 15 19 11 6 3 1 18 1 6
double 85 0.36 0.24 0.16 0.08 1.71 0.51 0.14 1.51 0.75 0.02 1.23 0.86 1.08 1.64 1.84 1.54 0.98 1.62 0.89 0.98 1.34 1.61 1.17 0.47 0.46 0.28 1.43 1.54 0.06 1.49 0.53 1.33 1.71 0.25 0.3 0.69 0.45 1.02 1.45 1.42 1.92 0.39 1.62 1.04 0.91 1.11 0.66 1.62 1.53 1.61 0.04 1.79 0.71 1.9 1.39 0.39 1.06 0.46 0.89 0.13 0.14 1.87 1.43 0.72 0.49 1.23 0.57 1.39 0.97 1.25 1.41 0.03 1.07 0.76 0.27 1.92 1.54 0.63 1.56 1.18 1.98 1.57 1.8 0.92 0.73
double 85 1.76 0.34 0.16 0.14 1.89 1.39 0.42 0.67 0.46 0.29 1.6 1.73 1.42 0.92 0.2 1.32 0.02 0.86 1.73 0.11 0.87 0.92 0.03 0.49 0.41 0.62 1.26 1.84 1.36 0.96 1.29 0.53 1.52 0.17 1.01 1.38 0.4 1.96 1.92 0.67 1.67 1.46 0.43 0.53 0.36 0.12 1.92 0.14 0.9 1.56 0.78 0.09 0.8 1.44 0.58 0.44 1.81 0.83 1.37 0.14 0.66 0.24 1.12 1.91 1.38 1.16 1.83 0.11 0.49 0.08 0.85 1.73 0.41 1.21 0.82 0.48 0.64 0.26 1.71 0.22 0.96 0.12 0.92 0.9 1.31
double 85 0.55 1.4 0.88 0.85 0.36 0.24 1.89 0.54 0.06 1.16 1.89 1.12 0.51 1.28 1.06 1.45 1.97 1.36 0.61 0.38 0.07 1.79 0.38 1 0.93 1.35 0.09 0.16 0.15 1.23 1.8 1.77 1.03 0.59 0.15 1.18 0.68 1.45 1.96 1.89 1.39 1.81 0.42 1.7 0.09 1.22 1.54 0.2 0.82 1.48 0.19 1.48 0.39 0.73 0.1 1 0.22 0.69 0.65 1.28 1.84 0.82 1.37 1.24 0.04 1.68 1.47 1.45 1.4 1.85 0.08 0.82 0.16 1.93 1.55 1.93 1.88 0.23 1.57 1.03 0.94 0.79 0.08 0.61 1.54
int 86 2 20 11 5 1 20 13 12 1 5 9 3 13 5 19 7 6 15 17 9 7 20 9 11 18 10 11 11 18 17 4 14 12 1 16 16 10 10 2 4 3 16 13 2 12 1 7 1 2 11 5 1 5 10 7 13 11 20 7 12 9 16 20 7 3 12 1 15 20 12 18 13 2 11 19 4 5 8 6 7 4 9 12 7 8 1
int 89 16 14 16 2 8 4 2 7 12 19 12 16 7 14 7 18 18 9 18 17 13 16 2 7 1 9 15 15 11 12 5 6 16 9 11 17 17 5 14 6 6 5 4 1 19 9 15 17 20 13 3 20 17 4 11 14 16 11 6 15 18 7 5 17 20 16 9 6 4 8 20 14 19 1 20 11 12 1 9 15 3 8 11 1 4 17 20 10 4
int 90 2 13 17 3 13 15 2 18 3 5 19 3 8 17 15 2 13 6 15 1 15 19 19 16 13 9 1 3 10 14 9 13 6 19 8 12 14 19 8 12 13 5 8 19 8 14 5 12 17 10 6 1 19 7 16 6 14 8 12 10 7 14 16 14 13 8 3 20 18 13 3 1 8 16 11 3 18 12 14 5 19 4 6 8 3 9 20 20 2 14
int 91 5 17 12 18 4 13 12 12 20 11 8 3 18 10 6 9 13 17 18 18 14 12 7 19 4 10 2 19 18 17 10 7 13 5 12 3 10 16 2 18 19 20 7 11 9 18 8 18 7 7 8 3 9 17 9 3 15 5 2 18 4 1 19 8 17 9 6 10 1 2 7 7 11 20 4 2 19 20 16 19 2 13 16 11 16 17 13 14 8 1 10
char 92 c m k l h f n h g j k t c o o m i s f f e l e a p a p d l g f b s p p p b p s k b p p q d e j b p p p a f q j f q n e g k r n h n b c s o n d c j i k k b m e o o t a q d r i d o j i h
bool 92 0 1 0 1 0 1 0 0 0 1 1 1 1 0 0 1 0 0 0 0 1 0 1 1 0 0 1 1 1 1 0 0 0 0 1 1 1 0 1 0 1 0 0 0 1 0 0 1 0 1 1 1 0 0 1 0 0 0 0 0 0 0 0 0 1 1 0 1 1 0 1 0 1 0 1 0 1 1 0 1 1 0 1 1 0 0 0 1 0 1 1 0
char 93 m r i n o i p k k t o t c j t k h f i p e h j p t m g s h o s n n g d s i c s i l a f f k o m c s k j g f c o p n r g h l f o i n d n k f s r d b d a n t c d g n e b q c q c s l g f f e
int 93 12 14 18 17 2 5 11 7 1 4 10 2 14 6 16 4 15 14 12 4 12 20 13 19 12 17 19 16 10 19 11 5 12 16 20 3 11 20 3 18 6 16 6 6 8 6 16 9 19 4 3 8 5 1 11 16 8 14 14 12 13 2 11 12 6 9 15 17 18 4 2 7 20 3 8 9 19 6 17 7 9 8 11 11 17 14 4 2 9 9 19 1 11
double 94 0.2 1.37 1.84 0.06 1.9 1.84 1.6 0.29 0.66 1.01 1.53 0.03 1.4 0.95 1.47 1.54 0.65 1.1 0.4 0.72 1.02 1.53 0.9 0.93 1.79 0.63 1.89 1.02 1.47 0.57 1.52 1.58 1.64 1.59 0.68 1.26 0.07 0.18 0.98 0.6 0.46 1.27 0.89 1.1 0.22 0.07 0.14 0.29 1.21 0.56 1.07 1.62 0.36 0.35 0.12 1 1.97 1.86 0.71 0.06 1.37 0.69 0.9 1.93 0.97 1.64 1.87 1.27 1.03 1.12 0.88 0.09 1.28 1.28 0.67 0.36 1.37 0.21 1.73 0.64 0.3 0.26 0.13 1.89 1.63 0.17 0 1.57 0.82 0.3 1.78 1.63 0.87 1.89
bool 95 0 0 1 0 1 0 0 1 1 0 1 1 0 0 1 1 1 1 1 1 1 0 0 1 1 1 1 1 0 1 1 0 0 0 0 1 0 1 0 1 0 1 0 1 0 1 0 0 1 0 0 0 0 1 0 0 0 1 0 0 0 1 0 0 1 1 1 0 1 1 0 0 0 0 1 1 1 0 0 1 0 1 0 0 0 1 1 0 1 0 0 0 0 1 0
char 96 b j s c i r o c t s k f d f j j o h b e k t n e s q h e j j g t c c h o b o i r k i d p h f d t s o d r m h g f e g q o s r l m e n n k q e l n r c k f l m e n n s k o g i o i i i t c l b e l
bool 97 1 1 0 1 0 0 0 0 1 0 0 0 1 1 0 0 0 0 1 1 0 0 0 1 1 0 1 0 1 1 0 1 0 1 0 0 0 0 0 0 0 0 0 0 0 1 1 1 0 1 1 1 0 0 1 0 1 1 0 1 0 1 1 0 0 0 1 0 1 0 0 1 0 0 0 1 0 1 0 0 1 1 1 0 1 1 0 0 1 1 0 0 1 1 1 1 0
bool 97 1 0 1 1 0 0 1 1 1 1 1 0 1 1 1 0 0 1 0 1 1 1 1 0 0 1 1 0 0 0 0 1 0 1 0 0 0 0 1 1 1 1 1 0 1 1 0 1 0 1 1 0 0 1 1 0 0 1 1 1 0 1 0 1 1 1 0 1 0 0 1 1 1 1 0 1 0 1 1 1 0 1 1 1 0 0 0 1 1 0 1 0 1 1 1 1 1
char 98 c q c m d j g r l s k i d o a s l p j j l g n t b l l s o p i s l o n n r q b i s l k k d k m t o t f g r g n e a d d f b g q b l g g c b q q h o f g h d h s h e d j i n d j h m q o n i g g s o n
bool 98 1 1 1 0 1 1 0 0 0 0 0 1 0 0 1 1 0 1 0 0 1 0 0 1 1 1 1 1 0 1 1 1 1 0 0 1 1 1 0 1 0 0 1 0 0 0 1 0 1 1 1 1 1 1 0 0 0 0 0 0 0 1 1 1 1 0 0 0 1 0 0 1 1 1 1 1 0 1 0 1 0 0 0 1 1 1 1 0 0 1 0 1 0 1 1 0 1 1
bool 98 0 1 0 1 1 0 0 0 0 0 1 1 1 0 0 1 0 1 0 0 0 0 0 0 1 1 1 1 0 1 0 0 1 1 1 0 0 0 0 1 0 0 0 1 0 1 1 1 1 1 1 1 0 1 1 1 1 0 1 1 1 0 0 1 1 1 1 1 0 0 1 1 1 1 1 0 0 0 0 0 0 0 0 1 0 1 0 1 1 1 1 1 1 0 1 1 1 1
double 99 1.58 0.94 1.46 1.4 1.17 1.65 1.32 1.07 0.29 1.22 0.06 1.15 0.49 1.69 0.71 1.98 1.08 0.47 0.47 1.21 0.26 0.9 1.95 1.96 0.72 1.27 0.3 0.21 0.77 1.93 0.45 1.29 1.38 0.76 0.76 0.1 1.16 1.19 1.39 1.31 0.35 1.04 0.3 0.52 0.27 1.73 1.03 1.79 0.17 0.89 1.84 1.81 0.77 0.76 1.92 1.3 1.1 0.03 1.55 0.57 1.55 1.01 0.06 0.46 0.82 0.82 0.05 1.28 1.74 1.27 1.5 0.47 1 0.7 1.33 0.85 1.23 1.48 1.22 0.23 1.22 1.13 1.18 1.65 0.16 1.24 1.69 1.29 0.26 0.9 0.75 1.99 0.01 0.72 0.41 1.06 0.46 0.38 0.04
double 99 1.83 1.98 0.77 1.53 1.66 0.79 0.96 0.72 0.09 1.14 0.27 0.37 1.62 0.01 0 0.31 1.39 1.99 1.37 0.38 0.88 0.22 1.63 0.37 1.89 0.16 1.9 0.86 1.26 1.5 1.9 0.14 1.81 0.57 1.51 0.59 0.64 1.61 1.84 1.32 1.33 1.7 0.36 0.99 1.63 0.16 0.68 1.23 1.92 0.5 1.91 1.86 0.09 1.81 1.06 1.89 1.51 0.01 0.23 1.03 0.23 1.61 1.21 1.85 1 0.15 0.65 1.94 1.2 1.96 0.89 0.07 1.28 1.69 0.76 0.56 0.01 0.07 0.22 1.2 0.43 0.66 0.48 0.66 0.72 0.54 0.51 1.68 0.13 1.62 1.13 1.39 0.72 1.99 1.28 1.02 1.93 0 1.45
int 101 14 10 3 5 10 9 11 9 3 18 4 5 5 15 9 18 2 4 18 6 20 10 6 18 10 11 7 8 4 10 14 9 8 19 12 16 15 2 20 14 8 18 16 4 4 6 6 20 16 17 16 3 3 19 4 13 1 18 15 20 3 11 7 4 5 1 10 8 14 2 15 4 16 11 13 3 18 11 9 5 19 10 7 13 8 20 12 10 9 20 14 17 17 11 15 9 11 15 4 8 20
double 103 1.69 1.25 0.26 0.07 1.09 0.38 1.99 0.35 1.55 0.67 0.55 1.36 0.9 1.5 0.06 1.09 1.93 0.51 1.88 1.08 0.26 1.44 0.41 1.83 1.41 0.6 0.69 1.27 0.28 0.45 1.38 0.81 1.99 1.44 0.09 1.19 1.5 0.95 0.22 0.95 1.32 0.31 0.33 0.07 1.11 0.41 1.71 0.85 1.3 0.74 0.51 1.12 0.37 1.1 1.13 1.06 0.78 0.76 1.24 1.7 1.52 1.35 1.98 1.73 0.15 0.85 0.82 0.19 0.08 1.76 1.95 0.99 1.5 0.94 0.88 1.34 1.15 1.04 1.09 0.97 1.86 0.3 1.74 0.44 1.37 0.3 0.99 0.26 0.29 0.45 1.33 1.69 1.79 1.77 1.88 1.42 0.13 0.64 1.84 1.52 0.51 0.1 1.56
char 104 t r t m e a d c b m g r e o s m f f b p i f g d l p a o d h a c t p s e f n p m f j d k h e g q l g k r r t d c o j q s d e f t d m f c c c a c t e o g a b r r m p a r l t i i f j i q g t l t i o f j e m m d
int 104 14 18 7 10 7 13 9 4 16 2 15 10 11 11 20 19 18 17 16 11 10 20 19 8 12 13 1 20 6 19 2 11 12 17 19 18 6 18 11 5 1 2 1 4 15 17 9 17 11 7 1 7 8 14 4 2 9 14 16 11 18 20 1 3 11 19 14 19 17 9 11 19 1 11 18 20 17 4 10 10 16 15 13 7 17 4 3 12 4 4 5 9 17 11 14 12 5 13 6 5 4 19 10 8
int 106 13 8 6 11 15 5 10 9 12 9 17 12 9 4 14 10 19 2 9 17 17 8 12 14 18 2 5 19 19 3 17 4 7 20 10 12 7 12 14 8 16 6 5 10 6 2 20 3 13 7 16 11 17 3 6 19 15 2 12 10 5 3 11 4 11 9 16 20 16 8 17 19 16 17 3 4 6 17 16 5 14 12 18 18 16 1 5 18 19 12 15 10 2 8 20 16 3 13 12 15 16 1 2 14 4 7
double 106 0.53 1.11 0.19 1.35 0 1.6 0.48 1 1.82 1.04 1.78 1.86 0.77 1.96 0.25 1.28 0.33 1.75 0.44 1.74 0.9 1.87 1.22 0.94 1.19 0.52 1.43 1.2 1.21 0.13 0.37 1.82 0.69 1.99 1.91 1.44 0.74 1.1 0.41 0.18 1.85 0.33 1.77 1.32 1.62 0.46 1.64 1.05 1.38 0.24 0.65 1.41 0.62 0.82 0.61 0.59 0.01 0.47 1.89 1.84 0.86 0.72 0.43 0.76 1.5 1.27 0.49 1.71 1.77 0.11 1.11 0.2 1.21 0.59 1.51 0.92 0.26 1.82 1.18 0.17 1.24 1.77 0.61 1.96 1.11 0.08 0.03 1.44 0.94 0.93 0.41 1.96 1.44 0.33 0.93 1.03 1.19 1.45 1.68 0.28 0.4 1.29 1.17 0.07 1.28 0.52
bool 107 0 1 0 0 0 1 1 1 0 1 0 0 0 0 0 1 1 1 0 1 1 1 0 1 0 0 0 1 1 1 1 1 0 0 0 0 0 1 0 1 0 0 1 1 1 0 0 1 1 0 1 1 1 1 1 0 0 1 1 1 0 1 0 0 0 0 0 0 0 0 1 0 0 0 1 0 1 0 1 1 1 1 1 1 1 1 1 1 1 0 1 0 1 1 0 1 0 0 0 0 0 1 1 0 1 0 0
int 107 2 10 20 13 15 5 7 2 18 11 18 10 13 4 3 19 6 9 10 14 7 19 15 11 8 6 16 4 9 9 8 6 11 19 18 5 3 16 4 13 16 2 14 9 6 19 11 15 12 3 9 3 1 17 13 1 19 5 13 8 9 13 9 16 18 8 17 20 13 10 9 1 10 17 8 8 16 7 3 5 15 14 6 12 18 14 9 13 19 1 7 12 3 20 19 20 18 7 4 15 13 18 19 3 10 7 4
char 107 t o k p j j m s k r o h m f k t t t l l t t f e i f l j p p a l d f b n s j i n f f n l c n s d b b h h d m o o q a p q k k k f k d t f g b a t o f i j b b f l k n f n o t l o q n i d j d q c t r l n h l c o e l l
